
2060840612425400
2060844312422470
2060947492432200
2060955772430160
2061011152414015
2061037352404330
2060840612425400
2060844312422470
2060947492432200
2060955772430160
2061011152414015
2061037352404330
2060840612425400
2060844312422470
2060947492432200
2060955772430160
2061011152414015
2061037352404330
2060840612425400
2060844312422470
2060947492432200
2060955772430160
2061011152414015
2061037352404330
2060840612425400
2060844312422470
2060947492432200
2060955772430160
2061011152414015
2061037352404330