       3000.0000   1.3688319e-19       0.0000000
       3010.0000   1.4450977e-19       0.0000000
       3020.0000   1.5249812e-19       0.0000000
       3030.0000   1.6086213e-19       0.0000000
       3040.0000   1.6961607e-19       0.0000000
       3050.0000   1.7877461e-19       0.0000000
       3060.0000   1.8835283e-19       0.0000000
       3070.0000   1.9836620e-19       0.0000000
       3080.0000   2.0883062e-19       0.0000000
       3090.0000   2.1976238e-19       0.0000000
       3100.0000   2.3117820e-19       0.0000000
       3110.0000   2.4309524e-19       0.0000000
       3120.0000   2.5553107e-19       0.0000000
       3130.0000   2.6850372e-19       0.0000000
       3140.0000   2.8203162e-19       0.0000000
       3150.0000   2.9613368e-19       0.0000000
       3160.0000   3.1082925e-19       0.0000000
       3170.0000   3.2613813e-19       0.0000000
       3180.0000   3.4208057e-19       0.0000000
       3190.0000   3.5867730e-19       0.0000000
       3200.0000   3.7594949e-19       0.0000000
       3210.0000   3.9391880e-19       0.0000000
       3220.0000   4.1260735e-19       0.0000000
       3230.0000   4.3203774e-19       0.0000000
       3240.0000   4.5223306e-19       0.0000000
       3250.0000   4.7321685e-19       0.0000000
       3260.0000   4.9501318e-19       0.0000000
       3270.0000   5.1764657e-19       0.0000000
       3280.0000   5.4114204e-19       0.0000000
       3290.0000   5.6552511e-19       0.0000000
       3300.0000   5.9082180e-19       0.0000000
       3310.0000   6.1705862e-19       0.0000000
       3320.0000   6.4426256e-19       0.0000000
       3330.0000   6.7246114e-19       0.0000000
       3340.0000   7.0168237e-19       0.0000000
       3350.0000   7.3195477e-19       0.0000000
       3360.0000   7.6330735e-19       0.0000000
       3370.0000   7.9576963e-19       0.0000000
       3380.0000   8.2937165e-19       0.0000000
       3390.0000   8.6414394e-19       0.0000000
       3400.0000   9.0011755e-19       0.0000000
       3410.0000   9.3732403e-19       0.0000000
       3420.0000   9.7579544e-19       0.0000000
       3430.0000   1.0155644e-18       0.0000000
       3440.0000   1.0566638e-18       0.0000000
       3450.0000   1.0991275e-18       0.0000000
       3460.0000   1.1429893e-18       0.0000000
       3470.0000   1.1882840e-18       0.0000000
       3480.0000   1.2350466e-18       0.0000000
       3490.0000   1.2833128e-18       0.0000000
       3500.0000   1.3331185e-18       0.0000000
       3510.0000   1.3845005e-18       0.0000000
       3520.0000   1.4374957e-18       0.0000000
       3530.0000   1.4921418e-18       0.0000000
       3540.0000   1.5484768e-18       0.0000000
       3550.0000   1.6065394e-18       0.0000000
       3560.0000   1.6663685e-18       0.0000000
       3570.0000   1.7280037e-18       0.0000000
       3580.0000   1.7914851e-18       0.0000000
       3590.0000   1.8568530e-18       0.0000000
       3600.0000   1.9241485e-18       0.0000000
       3610.0000   1.9934129e-18       0.0000000
       3620.0000   2.0646883e-18       0.0000000
       3630.0000   2.1380169e-18       0.0000000
       3640.0000   2.2134415e-18       0.0000000
       3650.0000   2.2910055e-18       0.0000000
       3660.0000   2.3707525e-18       0.0000000
       3670.0000   2.4527266e-18       0.0000000
       3680.0000   2.5369725e-18       0.0000000
       3690.0000   2.6235353e-18       0.0000000
       3700.0000   2.7124602e-18       0.0000000
       3710.0000   2.8037933e-18       0.0000000
       3720.0000   2.8975807e-18       0.0000000
       3730.0000   2.9938692e-18       0.0000000
       3740.0000   3.0927058e-18       0.0000000
       3750.0000   3.1941381e-18       0.0000000
       3760.0000   3.2982140e-18       0.0000000
       3770.0000   3.4049816e-18       0.0000000
       3780.0000   3.5144896e-18       0.0000000
       3790.0000   3.6267871e-18       0.0000000
       3800.0000   3.7419233e-18       0.0000000
       3810.0000   3.8599480e-18       0.0000000
       3820.0000   3.9809113e-18       0.0000000
       3830.0000   4.1048635e-18       0.0000000
       3840.0000   4.2318554e-18       0.0000000
       3850.0000   4.3619381e-18       0.0000000
       3860.0000   4.4951629e-18       0.0000000
       3870.0000   4.6315816e-18       0.0000000
       3880.0000   4.7712459e-18       0.0000000
       3890.0000   4.9142084e-18       0.0000000
       3900.0000   5.0605214e-18       0.0000000
       3910.0000   5.2102379e-18       0.0000000
       3920.0000   5.3634108e-18       0.0000000
       3930.0000   5.5200936e-18       0.0000000
       3940.0000   5.6803398e-18       0.0000000
       3950.0000   5.8442033e-18       0.0000000
       3960.0000   6.0117381e-18       0.0000000
       3970.0000   6.1829985e-18       0.0000000
       3980.0000   6.3580389e-18       0.0000000
       3990.0000   6.5369141e-18       0.0000000
       4000.0000   6.7196789e-18       0.0000000
       4010.0000   6.9063883e-18       0.0000000
       4020.0000   7.0970977e-18       0.0000000
       4030.0000   7.2918623e-18       0.0000000
       4040.0000   7.4907377e-18       0.0000000
       4050.0000   7.6937796e-18       0.0000000
       4060.0000   7.9010438e-18       0.0000000
       4070.0000   8.1125863e-18       0.0000000
       4080.0000   8.3284630e-18       0.0000000
       4090.0000   8.5487301e-18       0.0000000
       4100.0000   8.7734438e-18       0.0000000
       4110.0000   9.0026605e-18       0.0000000
       4120.0000   9.2364365e-18       0.0000000
       4130.0000   9.4748283e-18       0.0000000
       4140.0000   9.7178924e-18       0.0000000
       4150.0000   9.9656853e-18       0.0000000
       4160.0000   1.0218264e-17       0.0000000
       4170.0000   1.0475684e-17       0.0000000
       4180.0000   1.0738003e-17       0.0000000
       4190.0000   1.1005277e-17       0.0000000
       4200.0000   1.1277562e-17       0.0000000
       4210.0000   1.1554916e-17       0.0000000
       4220.0000   1.1837395e-17       0.0000000
       4230.0000   1.2125055e-17       0.0000000
       4240.0000   1.2417952e-17       0.0000000
       4250.0000   1.2716144e-17       0.0000000
       4260.0000   1.3019686e-17       0.0000000
       4270.0000   1.3328635e-17       0.0000000
       4280.0000   1.3643046e-17       0.0000000
       4290.0000   1.3962976e-17       0.0000000
       4300.0000   1.4288480e-17       0.0000000
       4310.0000   1.4619615e-17       0.0000000
       4320.0000   1.4956435e-17       0.0000000
       4330.0000   1.5298997e-17       0.0000000
       4340.0000   1.5647355e-17       0.0000000
       4350.0000   1.6001565e-17       0.0000000
       4360.0000   1.6361682e-17       0.0000000
       4370.0000   1.6727761e-17       0.0000000
       4380.0000   1.7099856e-17       0.0000000
       4390.0000   1.7478021e-17       0.0000000
       4400.0000   1.7862310e-17       0.0000000
       4410.0000   1.8252779e-17       0.0000000
       4420.0000   1.8649479e-17       0.0000000
       4430.0000   1.9052466e-17       0.0000000
       4440.0000   1.9461791e-17       0.0000000
       4450.0000   1.9877508e-17       0.0000000
       4460.0000   2.0299670e-17       0.0000000
       4470.0000   2.0728328e-17       0.0000000
       4480.0000   2.1163535e-17       0.0000000
       4490.0000   2.1605343e-17       0.0000000
       4500.0000   2.2053803e-17       0.0000000
       4510.0000   2.2508967e-17       0.0000000
       4520.0000   2.2970884e-17       0.0000000
       4530.0000   2.3439606e-17       0.0000000
       4540.0000   2.3915183e-17       0.0000000
       4550.0000   2.4397664e-17       0.0000000
       4560.0000   2.4887099e-17       0.0000000
       4570.0000   2.5383536e-17       0.0000000
       4580.0000   2.5887025e-17       0.0000000
       4590.0000   2.6397614e-17       0.0000000
       4600.0000   2.6915350e-17       0.0000000
       4610.0000   2.7440281e-17       0.0000000
       4620.0000   2.7972454e-17       0.0000000
       4630.0000   2.8511916e-17       0.0000000
       4640.0000   2.9058713e-17       0.0000000
       4650.0000   2.9612890e-17       0.0000000
       4660.0000   3.0174493e-17       0.0000000
       4670.0000   3.0743566e-17       0.0000000
       4680.0000   3.1320154e-17       0.0000000
       4690.0000   3.1904301e-17       0.0000000
       4700.0000   3.2496051e-17       0.0000000
       4710.0000   3.3095446e-17       0.0000000
       4720.0000   3.3702528e-17       0.0000000
       4730.0000   3.4317340e-17       0.0000000
       4740.0000   3.4939923e-17       0.0000000
       4750.0000   3.5570319e-17       0.0000000
       4760.0000   3.6208566e-17       0.0000000
       4770.0000   3.6854706e-17       0.0000000
       4780.0000   3.7508778e-17       0.0000000
       4790.0000   3.8170821e-17       0.0000000
       4800.0000   3.8840872e-17       0.0000000
       4810.0000   3.9518970e-17       0.0000000
       4820.0000   4.0205152e-17       0.0000000
       4830.0000   4.0899455e-17       0.0000000
       4840.0000   4.1601914e-17       0.0000000
       4850.0000   4.2312565e-17       0.0000000
       4860.0000   4.3031444e-17       0.0000000
       4870.0000   4.3758584e-17       0.0000000
       4880.0000   4.4494019e-17       0.0000000
       4890.0000   4.5237782e-17       0.0000000
       4900.0000   4.5989907e-17       0.0000000
       4910.0000   4.6750425e-17       0.0000000
       4920.0000   4.7519368e-17       0.0000000
       4930.0000   4.8296765e-17       0.0000000
       4940.0000   4.9082649e-17       0.0000000
       4950.0000   4.9877047e-17       0.0000000
       4960.0000   5.0679989e-17       0.0000000
       4970.0000   5.1491504e-17       0.0000000
       4980.0000   5.2311619e-17       0.0000000
       4990.0000   5.3140362e-17       0.0000000
       5000.0000   5.3977758e-17       0.0000000
       5010.0000   5.4823833e-17       0.0000000
       5020.0000   5.5678614e-17       0.0000000
       5030.0000   5.6542124e-17       0.0000000
       5040.0000   5.7414386e-17       0.0000000
       5050.0000   5.8295426e-17       0.0000000
       5060.0000   5.9185264e-17       0.0000000
       5070.0000   6.0083924e-17       0.0000000
       5080.0000   6.0991426e-17       0.0000000
       5090.0000   6.1907791e-17       0.0000000
       5100.0000   6.2833039e-17       0.0000000
       5110.0000   6.3767190e-17       0.0000000
       5120.0000   6.4710262e-17       0.0000000
       5130.0000   6.5662272e-17       0.0000000
       5140.0000   6.6623240e-17       0.0000000
       5150.0000   6.7593180e-17       0.0000000
       5160.0000   6.8572110e-17       0.0000000
       5170.0000   6.9560044e-17       0.0000000
       5180.0000   7.0556997e-17       0.0000000
       5190.0000   7.1562984e-17       0.0000000
       5200.0000   7.2578017e-17       0.0000000
       5210.0000   7.3602109e-17       0.0000000
       5220.0000   7.4635273e-17       0.0000000
       5230.0000   7.5677520e-17       0.0000000
       5240.0000   7.6728859e-17       0.0000000
       5250.0000   7.7789302e-17       0.0000000
       5260.0000   7.8858857e-17       0.0000000
       5270.0000   7.9937534e-17       0.0000000
       5280.0000   8.1025340e-17       0.0000000
       5290.0000   8.2122282e-17       0.0000000
       5300.0000   8.3228367e-17       0.0000000
       5310.0000   8.4343601e-17       0.0000000
       5320.0000   8.5467990e-17       0.0000000
       5330.0000   8.6601537e-17       0.0000000
       5340.0000   8.7744247e-17       0.0000000
       5350.0000   9.0869239e-17   2.1242650e-17
       5360.0000   4.6548325e-17   2.0861105e-17
       5370.0000   6.4562444e-17   2.0032232e-17
       5380.0000   9.1182395e-17   2.0403770e-17
       5390.0000   7.9273802e-17   2.0395282e-17
       5400.0000   6.8049555e-17   2.0403872e-17
       5410.0000   6.2463448e-17   2.0158634e-17
       5420.0000   1.0400067e-16   2.0497429e-17
       5430.0000   5.9684968e-17   2.0290126e-17
       5440.0000   7.6423125e-17   2.0437831e-17
       5450.0000   2.3646798e-17   2.0323153e-17
       5460.0000   6.0616301e-17   3.4277096e-17
       5470.0000   4.4142474e-17   2.0972234e-17
       5480.0000   7.4030107e-17   2.1150567e-17
       5490.0000   4.8466514e-17   2.0820030e-17
       5500.0000   9.6606166e-18   2.0716177e-17
       5510.0000   4.7903125e-17   2.1172019e-17
       5520.0000   1.8957065e-17   2.1117011e-17
       5530.0000   1.0156532e-17   2.0492980e-17
       5540.0000   1.5260946e-17   2.0919497e-17
       5550.0000   3.1654545e-17   2.1396752e-17
       5560.0000   2.6880118e-17   2.0807344e-17
       5570.0000   5.1791717e-17   2.1601614e-17
       5580.0000   4.4644721e-17   1.4369434e-16
       5590.0000   6.2137749e-17   2.1838954e-17
       5600.0000   6.9594255e-17   2.0559234e-17
       5610.0000   4.8927435e-17   2.0695593e-17
       5620.0000   6.2399214e-17   2.0530116e-17
       5630.0000   4.3065097e-17   2.0772430e-17
       5640.0000   5.2752063e-17   2.1409114e-17
       5650.0000   7.4466555e-17   2.1129677e-17
       5660.0000   6.2019937e-17   2.1129205e-17
       5670.0000   6.0302894e-17   2.3374132e-17
       5680.0000   9.9664997e-17   2.4034428e-17
       5690.0000   7.4390324e-17   2.8657895e-17
       5700.0000   1.0592802e-16   2.3716526e-17
       5710.0000   8.8095376e-17   2.2802781e-17
       5720.0000   1.0660698e-16   2.2233333e-17
       5730.0000   8.0954854e-17   2.2036328e-17
       5740.0000   5.5864691e-17   2.2048122e-17
       5750.0000   8.2918838e-17   2.2066356e-17
       5760.0000   4.5792907e-17   2.2821022e-17
       5770.0000   6.2350748e-17   2.7891217e-17
       5780.0000   5.6202796e-17   2.3650640e-17
       5790.0000   7.0586070e-17   2.8798530e-17
       5800.0000   7.3112649e-17   2.5898010e-17
       5810.0000   9.9132562e-17   2.5672415e-17
       5820.0000   6.1971213e-17   2.5931266e-17
       5830.0000   9.1093725e-17   2.6157667e-17
       5840.0000   6.7315481e-17   2.6544945e-17
       5850.0000   6.6512010e-17   2.6280158e-17
       5860.0000   4.0914110e-17   2.6285695e-17
       5870.0000   5.1759263e-17   2.6927167e-17
       5880.0000   3.4957144e-17   2.3911984e-17
       5890.0000   1.5092566e-16   7.3541638e-17
       5900.0000   2.1246409e-17   2.4724622e-17
       5910.0000   2.8028579e-17   2.3017868e-17
       5920.0000   5.3220995e-17   2.3149694e-17
       5930.0000   8.4241848e-17   2.4308518e-17
       5940.0000   8.7787246e-17   2.2616069e-17
       5950.0000   7.9148858e-17   2.3004528e-17
       5960.0000   7.6571842e-17   2.2116359e-17
       5970.0000   3.6698985e-17   2.2951083e-17
       5980.0000   7.5237308e-17   2.2132116e-17
       5990.0000   7.5386420e-17   2.1322197e-17
       6000.0000   6.1842647e-17   2.1427932e-17
       6010.0000   1.1435702e-16   2.0722290e-17
       6020.0000   7.0685849e-17   2.0338614e-17
       6030.0000   9.0766527e-17   2.0477970e-17
       6040.0000   9.2279395e-17   1.9737729e-17
       6050.0000   8.5056943e-17   1.9478041e-17
       6060.0000   5.5729555e-17   1.9244937e-17
       6070.0000   1.0902185e-16   1.9033221e-17
       6080.0000   8.3365953e-17   1.8130957e-17
       6090.0000   9.0257110e-17   1.8085599e-17
       6100.0000   9.8982121e-17   1.7550105e-17
       6110.0000   9.9780357e-17   1.9010567e-17
       6120.0000   9.9516092e-17   1.7088801e-17
       6130.0000   8.1378346e-17   1.6848278e-17
       6140.0000   7.1035736e-17   1.7664960e-17
       6150.0000   1.0036374e-16   1.7576592e-17
       6160.0000   7.4393248e-17   1.8921012e-17
       6170.0000   4.3273921e-17   1.8796442e-17
       6180.0000   8.9454488e-17   1.7055889e-17
       6190.0000   4.9697456e-17   1.7000127e-17
       6200.0000   7.6810500e-17   1.7240308e-17
       6210.0000   7.3518188e-17   1.7203770e-17
       6220.0000   5.5557261e-17   1.7441559e-17
       6230.0000   4.8431644e-17   1.6037167e-17
       6240.0000   5.8008111e-17   1.8759058e-17
       6250.0000   8.1023315e-17   1.5601979e-17
       6260.0000   1.0830676e-16   1.8299594e-17
       6270.0000   8.5459074e-17   1.5360022e-17
       6280.0000   8.3790759e-17   1.5160126e-17
       6290.0000   8.8668168e-17   1.6060066e-17
       6300.0000   4.4797777e-17   7.0599774e-17
       6310.0000   1.0976402e-16   1.5341347e-17
       6320.0000   1.0774092e-16   1.5261971e-17
       6330.0000   1.4526998e-16   1.9008186e-17
       6340.0000   1.2938791e-16   1.3705038e-17
       6350.0000   1.4641865e-16   1.4600908e-17
       6360.0000   1.2167888e-16   1.7904528e-17
       6370.0000   1.4253974e-16   1.3595614e-17
       6380.0000   1.4863745e-16   1.4550121e-17
       6390.0000   1.4161410e-16   1.3774313e-17
       6400.0000   1.4950271e-16   1.3425684e-17
       6410.0000   1.2479995e-16   1.3121188e-17
       6420.0000   1.4194794e-16   1.3816183e-17
       6430.0000   1.3201091e-16   1.2967467e-17
       6440.0000   1.3097444e-16   1.2690800e-17
       6450.0000   1.2276913e-16   1.3081619e-17
       6460.0000   1.4583353e-16   1.3459619e-17
       6470.0000   1.3048428e-16   1.5767536e-17
       6480.0000   1.6341502e-16   1.2986592e-17
       6490.0000   1.6589620e-16   1.2586368e-17
       6500.0000   1.6309717e-16   1.7367993e-17
       6510.0000   2.0821286e-16   1.2948804e-17
       6520.0000   2.1631918e-16   1.3647246e-17
       6530.0000   2.5768114e-16   1.4862736e-17
       6540.0000   2.8256779e-16   1.3951744e-17
       6550.0000   2.7840915e-16   1.4379726e-17
       6560.0000   3.3324756e-16   1.4973585e-17
       6570.0000   2.1205965e-16   1.4412650e-17
       6580.0000   1.9478747e-16   1.4481787e-17
       6590.0000   2.1096068e-16   1.3420804e-17
       6600.0000   2.0739827e-16   1.3057047e-17
       6610.0000   2.3566753e-16   1.2770527e-17
       6620.0000   2.2404324e-16   1.2490456e-17
       6630.0000   2.1010421e-16   1.2728710e-17
       6640.0000   2.0417422e-16   1.2528100e-17
       6650.0000   1.7914640e-16   1.2008366e-17
       6660.0000   2.0936821e-16   1.2003333e-17
       6670.0000   2.1729393e-16   1.2072002e-17
       6680.0000   1.9918554e-16   1.1658470e-17
       6690.0000   2.2081542e-16   1.1545479e-17
       6700.0000   2.1386357e-16   1.1989519e-17
       6710.0000   2.4273548e-16   1.1797735e-17
       6720.0000   2.0590869e-16   1.1640523e-17
       6730.0000   2.1922965e-16   1.1875575e-17
       6740.0000   2.3136834e-16   1.1795446e-17
       6750.0000   2.3148428e-16   1.1585240e-17
       6760.0000   2.3290940e-16   1.1622261e-17
       6770.0000   2.4858812e-16   1.1544956e-17
       6780.0000   2.3896949e-16   1.1538839e-17
       6790.0000   2.2938402e-16   1.1542412e-17
       6800.0000   2.4371617e-16   1.1864190e-17
       6810.0000   2.5660705e-16   1.1720390e-17
       6820.0000   2.2807012e-16   1.1626444e-17
       6830.0000   2.2871690e-16   2.0260177e-17
       6840.0000   2.7023155e-16   1.3571997e-17
       6850.0000   2.2238987e-16   1.1937635e-17
       6860.0000   2.6547971e-16   1.4644605e-17
       6870.0000   2.3547797e-16   1.7971040e-17
       6880.0000   2.6398782e-16   1.4067236e-17
       6890.0000   2.4978254e-16   1.6185511e-17
       6900.0000   2.3595454e-16   1.5785509e-17
       6910.0000   2.7079851e-16   1.4495511e-17
       6920.0000   2.5543831e-16   1.5174250e-17
       6930.0000   2.9740248e-16   1.1829783e-17
       6940.0000   3.1755117e-16   1.6004469e-17
       6950.0000   3.7679248e-16   2.0275381e-17
       6960.0000   3.7752003e-16   1.2154429e-17
       6970.0000   3.7416578e-16   1.5151885e-17
       6980.0000   3.9232747e-16   1.6115179e-17
       6990.0000   4.1428041e-16   1.2466145e-17
       7000.0000   4.0777544e-16   1.2492837e-17
       7010.0000   4.5595286e-16   1.4424761e-17
       7020.0000   4.8112773e-16   1.2039260e-17
       7030.0000   5.1447185e-16   1.2151362e-17
       7040.0000   5.6806901e-16   1.3065851e-17
       7050.0000   6.1200458e-16   1.4393905e-17
       7060.0000   3.1809615e-16   1.2175126e-17
       7070.0000   3.3783310e-16   1.2543916e-17
       7080.0000   3.7948482e-16   1.2530231e-17
       7090.0000   2.9578814e-16   1.2755154e-17
       7100.0000   3.1157682e-16   1.1569581e-17
       7110.0000   3.5948430e-16   1.1650374e-17
       7120.0000   3.5738206e-16   1.1347539e-17
       7130.0000   3.1372898e-16   1.1605483e-17
       7140.0000   3.1016999e-16   1.1501014e-17
       7150.0000   3.0662783e-16   1.1627771e-17
       7160.0000   3.2797343e-16   1.1879731e-17
       7170.0000   3.2795609e-16   1.2182920e-17
       7180.0000   3.6839253e-16   1.1938476e-17
       7190.0000   4.1911527e-16   1.1814614e-17
       7200.0000   3.5566243e-16   1.2105670e-17
       7210.0000   4.0919323e-16   1.1524205e-17
       7220.0000   4.1293015e-16   1.1968650e-17
       7230.0000   4.5820429e-16   1.2848152e-17
       7240.0000   4.4254589e-16   3.2873916e-17
       7250.0000   5.7189940e-16   1.6334764e-17
       7260.0000   5.6371510e-16   1.3117783e-17
       7270.0000   5.7326009e-16   1.5026352e-17
       7280.0000   6.1002385e-16   2.0686676e-17
       7290.0000   6.7527773e-16   1.4668721e-17
       7300.0000   7.7158014e-16   1.5660426e-17
       7310.0000   8.5767487e-16   1.5494794e-17
       7320.0000   9.1324785e-16   1.7624748e-17
       7330.0000   9.4954749e-16   2.3779084e-17
       7340.0000   1.0549926e-15   3.9672097e-17
       7350.0000   9.8451161e-16   1.5140072e-17
       7360.0000   1.0060967e-15   2.1395930e-17
       7370.0000   1.1240994e-15   3.2736772e-17
       7380.0000   1.0757144e-15   1.4153085e-17
       7390.0000   1.1263253e-15   1.8495762e-17
       7400.0000   1.0505175e-15   2.3659749e-17
       7410.0000   1.0545171e-15   1.3855695e-17
       7420.0000   9.4524322e-16   1.3452460e-17
       7430.0000   1.0390552e-15   1.7282450e-17
       7440.0000   1.0186123e-15   1.8394755e-17
       7450.0000   9.9104521e-16   1.3301540e-17
       7460.0000   9.8741548e-16   1.4584962e-17
       7470.0000   1.0379964e-15   1.7445866e-17
       7480.0000   1.0194189e-15   1.9546188e-17
       7490.0000   1.0775572e-15   1.3797342e-17
       7500.0000   1.1484101e-15   1.3520513e-17
       7510.0000   1.1645606e-15   1.3151141e-17
       7520.0000   1.1035034e-15   1.7575891e-17
       7530.0000   1.1475547e-15   1.7964233e-17
       7540.0000   1.2807243e-15   1.4761132e-17
       7550.0000   1.2544553e-15   1.3572310e-17
       7560.0000   1.3721808e-15   1.5345466e-17
       7570.0000   1.2538852e-15   2.2337854e-17
       7580.0000   1.3236957e-15   1.3745222e-17
       7590.0000   7.7530771e-16   1.3857542e-17
       7600.0000   8.1382227e-16   4.5191354e-17
       7610.0000   8.7606606e-16   3.1795846e-17
       7620.0000   9.0828689e-16   2.0100818e-17
       7630.0000   6.1838107e-16   3.0733334e-17
       7640.0000   6.2030965e-16   1.9076001e-17
       7650.0000   5.2313754e-16   1.7042337e-17
       7660.0000   3.4177640e-16   1.7566866e-17
       7670.0000   3.0844219e-16   1.3569934e-17
       7680.0000   4.4734230e-16   1.3743022e-17
       7690.0000   4.6115641e-16   1.4981012e-17
       7700.0000   2.6731055e-16   1.5861141e-17
       7710.0000   4.7678575e-16   2.7745665e-17
       7720.0000   6.8192016e-16   2.2701466e-17
       7730.0000   7.1841999e-16   1.4847675e-17
       7740.0000   7.9743706e-16   1.4761351e-17
       7750.0000   6.6631615e-16   4.9410005e-17
       7760.0000   7.2140076e-16   2.6961949e-17
       7770.0000   8.1689836e-16   1.6319050e-17
       7780.0000   7.7473510e-16   2.3183087e-17
       7790.0000   7.9765813e-16   2.1630249e-17
       7800.0000   6.0148710e-16   1.4565059e-17
       7810.0000   9.1559148e-16   2.3494863e-17
       7820.0000   9.1841620e-16   4.1739963e-17
       7830.0000   8.0706727e-16   1.5181205e-17
       7840.0000   9.3883573e-16   2.5366941e-17
       7850.0000   9.8420129e-16   3.1695043e-17
       7860.0000   9.7571294e-16   2.8869307e-17
       7870.0000   9.5502524e-16   3.0960095e-17
       7880.0000   1.0437897e-15   2.7077240e-17
       7890.0000   1.0540584e-15   3.3484433e-17
       7900.0000   9.2739235e-16   1.6149890e-17
       7910.0000   8.8964161e-16   2.9879273e-17
       7920.0000   9.1731704e-16   3.3810067e-17
       7930.0000   1.0252045e-15   2.7761057e-17
       7940.0000   9.3735981e-16   1.6195236e-17
       7950.0000   9.0509583e-16   2.4367613e-17
       7960.0000   1.0065211e-15   2.0921910e-17
       7970.0000   1.2099673e-15   1.8734012e-17
       7980.0000   1.0424740e-15   2.9662673e-17
       7990.0000   1.0698505e-15   3.0990086e-17
       8000.0000   1.1191368e-15   1.7389788e-17
       8010.0000   1.2479972e-15   1.8979059e-17
       8020.0000   1.3379664e-15   1.9684754e-17
       8030.0000   1.5235883e-15   2.1665701e-17
       8040.0000   1.5098671e-15   1.6754712e-17
       8050.0000   1.7088481e-15   2.1808605e-17
       8060.0000   1.8279641e-15   2.5932962e-17
       8070.0000   1.9275200e-15   1.6939606e-17
       8080.0000   2.1217193e-15   1.7461850e-17
       8090.0000   2.2429073e-15   1.8141796e-17
       8100.0000   2.2298780e-15   2.1016991e-17
       8110.0000   2.4705283e-15   1.8215773e-17
       8120.0000   2.6670130e-15   1.8029002e-17
       8130.0000   2.7826040e-15   1.8765868e-17
       8140.0000   2.8672649e-15   2.0556590e-17
       8150.0000   2.7638933e-15   1.9349084e-17
       8160.0000   2.8135857e-15   1.9354573e-17
       8170.0000   3.1371325e-15   1.9814213e-17
       8180.0000   2.4322489e-15   2.0461954e-17
       8190.0000   2.6307248e-15   2.1886495e-17
       8200.0000   2.3784688e-15   2.0634606e-17
       8210.0000   2.5276144e-15   1.9340113e-17
       8220.0000   2.6856985e-15   1.9136431e-17
       8230.0000   3.0302878e-15   2.1144114e-17
       8240.0000   3.0692609e-15   2.0739334e-17
       8250.0000   2.9697137e-15   2.0105993e-17
       8260.0000   3.0291293e-15   1.9903662e-17
       8270.0000   2.8121392e-15   1.9756120e-17
       8280.0000   2.7961602e-15   4.1774460e-17
       8290.0000   2.3251450e-15   3.9948539e-17
       8300.0000   2.4181161e-15   4.4826749e-17
       8310.0000   2.4937664e-15   3.1059494e-17
       8320.0000   2.7097481e-15   2.1907795e-17
       8330.0000   2.7098279e-15   2.0307831e-17
       8340.0000   2.6982819e-15   3.9725521e-17
       8350.0000   2.6363988e-15   3.7779434e-17
       8360.0000   2.7501076e-15   2.4459510e-17
       8370.0000   2.8888173e-15   2.1466692e-17
       8380.0000   2.7118211e-15   3.3880187e-17
       8390.0000   2.4402308e-15   2.1550984e-17
       8400.0000   2.7418334e-15   7.2751699e-17
       8410.0000   2.8330549e-15   2.3724295e-17
       8420.0000   2.6409134e-15   2.3115180e-17
       8430.0000   2.7545488e-15   8.9238973e-17
       8440.0000   2.2210224e-15   2.0449633e-17
       8450.0000   1.7842888e-15   3.5254557e-17
       8460.0000   1.6196309e-15   2.5890993e-17
       8470.0000   1.5973274e-15   2.4680300e-17
       8480.0000   1.6392946e-15   1.9818917e-17
       8490.0000   1.8753806e-15   2.5863343e-17
       8500.0000   1.8147820e-15   2.5266166e-17
       8510.0000   1.7525272e-15   2.2334094e-17
       8520.0000   1.4249924e-15   2.0507441e-17
       8530.0000   1.8469247e-15   2.0442906e-17
       8540.0000   1.9804585e-15   2.6285268e-17
       8550.0000   2.1932174e-15   3.2311891e-17
       8560.0000   2.0427615e-15   2.1164677e-17
       8570.0000   2.1667054e-15   2.1703535e-17
       8580.0000   2.2394813e-15   2.1810582e-17
       8590.0000   2.2987626e-15   2.5285287e-17
       8600.0000   2.3410696e-15   2.4692132e-17
       8610.0000   2.3058179e-15   2.6059234e-17
       8620.0000   2.2137071e-15   3.8990271e-17
       8630.0000   1.9071585e-15   4.7028909e-17
       8640.0000   2.0366115e-15   3.3410435e-17
       8650.0000   2.0935140e-15   4.2599235e-17
       8660.0000   2.3098497e-15   4.7167001e-17
       8670.0000   2.1858656e-15   4.2389727e-17
       8680.0000   2.4473627e-15   3.3975308e-17
       8690.0000   2.1059272e-15   2.8072895e-17
       8700.0000   2.0000430e-15   2.7023435e-17
       8710.0000   1.8795803e-15   2.5772262e-17
       8720.0000   1.9903617e-15   2.4188623e-17
       8730.0000   2.3452943e-15   2.5205420e-17
       8740.0000   2.3201328e-15   2.6426219e-17
       8750.0000   2.3539330e-15   2.6639818e-17
       8760.0000   2.8129052e-15   6.7478132e-17
       8770.0000   2.9207028e-15   5.5958276e-17
       8780.0000   2.6985514e-15   6.1845656e-17
       8790.0000   2.9687486e-15   4.9737521e-17
       8800.0000   2.6827489e-15   2.7137582e-17
       8810.0000   3.1738754e-15   3.0781715e-17
       8820.0000   3.4040659e-15   3.3920038e-17
       8830.0000   3.4407749e-15   8.2473491e-17
       8840.0000   3.7580282e-15   4.0519520e-17
       8850.0000   3.4162526e-15   4.3797968e-17
       8860.0000   2.5658019e-15   3.0215092e-17
       8870.0000   2.2248009e-15   4.5970358e-17
       8880.0000   2.8657281e-15   3.8612790e-17
       8890.0000   2.9162793e-15   4.6907417e-17
       8900.0000   3.0283783e-15   4.9487868e-17
       8910.0000   2.8428972e-15   3.1147037e-17
       8920.0000   3.3869879e-15   1.3559630e-16
       8930.0000   3.4646908e-15   3.1594542e-17
       8940.0000   2.7526066e-15   4.5346694e-17
       8950.0000   3.0764668e-15   3.1773554e-17
       8960.0000   3.4626507e-15   8.9656699e-17
       8970.0000   3.3705194e-15   3.2144483e-17
       8980.0000   3.5142399e-15   3.3482010e-17
       8990.0000   3.5862203e-15   5.4458673e-17
       9000.0000   3.4343226e-15   8.6086399e-17
       9010.0000   3.8198706e-15   3.1183919e-17
       9020.0000   3.5169977e-15   3.1425570e-17
       9030.0000   3.5801714e-15   3.2533389e-17
       9040.0000   4.1392637e-15   3.9624456e-17
       9050.0000   4.2543169e-15   5.5469983e-17
       9060.0000   3.7333043e-15   3.1925583e-17
       9070.0000   3.7295326e-15   3.6089337e-17
       9080.0000   4.3064403e-15   3.4919806e-17
       9090.0000   4.0717273e-15   3.8551625e-17
       9100.0000   4.4294514e-15   4.4380590e-17
       9110.0000   4.5838815e-15   3.4033874e-17
       9120.0000   4.7380716e-15   3.5249677e-17
       9130.0000   4.6944259e-15   3.6948351e-17
       9140.0000   4.2389857e-15   3.4497590e-17
       9150.0000   4.3467650e-15   4.0276872e-17
       9160.0000   4.9892715e-15   4.5983117e-17
       9170.0000   5.0991727e-15   4.0964732e-17
       9180.0000   5.0172497e-15   3.9651433e-17
       9190.0000   5.7011594e-15   3.2453589e-17
       9200.0000   5.4981237e-15   2.9444670e-17
       9210.0000   4.9142163e-15   1.2393720e-16
       9220.0000   5.0247083e-15   1.2081842e-16
       9230.0000   5.1352003e-15   1.1769965e-16
       9240.0000   5.2456923e-15   1.1458087e-16
       9250.0000   5.2642435e-15   1.1070041e-16
       9260.0000   5.2454298e-15   1.0651040e-16
       9270.0000   5.2266162e-15   1.0232040e-16
       9280.0000   5.2123499e-15   9.9273904e-17
       9290.0000   5.2196667e-15   1.0165493e-16
       9300.0000   5.2269835e-15   1.0403595e-16
       9310.0000   5.2343003e-15   1.0641698e-16
       9320.0000   5.1972501e-15   1.0564569e-16
       9330.0000   5.1330094e-15   1.0294249e-16
       9340.0000   5.0687687e-15   1.0023930e-16
       9350.0000   5.0083498e-15   9.7186175e-17
       9360.0000   5.0238146e-15   8.7185105e-17
       9370.0000   5.0392793e-15   7.7184034e-17
       9380.0000   5.0547440e-15   6.7182964e-17
       9390.0000   5.0842704e-15   7.3781568e-17
       9400.0000   5.1303000e-15   9.9862152e-17
       9410.0000   5.1763297e-15   1.2594274e-16
       9420.0000   5.2223593e-15   1.5202332e-16
       9430.0000   5.2899765e-15   1.7586551e-16
       9440.0000   5.3612843e-15   1.9932505e-16
       9450.0000   5.4325920e-15   2.2278458e-16
       9460.0000   5.5103934e-15   2.3509644e-16
       9470.0000   5.6095697e-15   2.1071350e-16
       9480.0000   5.7087461e-15   1.8633055e-16
       9490.0000   5.8079224e-15   1.6194760e-16
       9500.0000   5.8628036e-15   1.6765099e-16
       9510.0000   5.8874023e-15   1.9392309e-16
       9520.0000   5.9120009e-15   2.2019520e-16
       9530.0000   5.9365995e-15   2.4646731e-16
       9540.0000   6.0652738e-15   2.2837131e-16
       9550.0000   6.2005866e-15   2.0744526e-16
       9560.0000   6.3358994e-15   1.8651921e-16
       9570.0000   6.4266246e-15   1.6394200e-16
       9580.0000   6.3961504e-15   1.3687652e-16
       9590.0000   6.3656762e-15   1.0981105e-16
       9600.0000   6.3352020e-15   8.2745580e-17
       9610.0000   6.3830680e-15   6.4064452e-17
       9620.0000   6.4869663e-15   5.1380167e-17
       9630.0000   6.5908646e-15   3.8695882e-17
       9640.0000   6.6947628e-15   2.6011597e-17
       9650.0000   6.6344829e-15   5.0412912e-17
       9660.0000   6.5518110e-15   7.9872290e-17
       9670.0000   6.4691390e-15   1.0933167e-16
       9680.0000   6.4017049e-15   1.3009833e-16
       9690.0000   6.4130868e-15   1.0590286e-16
       9700.0000   6.4244687e-15   8.1707389e-17
       9710.0000   6.4358505e-15   5.7511918e-17
       9720.0000   6.5002137e-15   5.9847175e-17
       9730.0000   6.6350938e-15   9.7494331e-17
       9740.0000   6.7699740e-15   1.3514149e-16
       9750.0000   6.9048541e-15   1.7278864e-16
       9760.0000   6.9317149e-15   1.6875997e-16
       9770.0000   6.9079663e-15   1.4520527e-16
       9780.0000   6.8842178e-15   1.2165058e-16
       9790.0000   6.8604692e-15   9.8095881e-17
       9800.0000   6.8489618e-15   1.1721161e-16
       9810.0000   6.8385625e-15   1.4018995e-16
       9820.0000   6.8281632e-15   1.6316829e-16
       9830.0000   6.8142084e-15   1.8370491e-16
       9840.0000   6.7782422e-15   1.8912484e-16
       9850.0000   6.7422760e-15   1.9454477e-16
       9860.0000   6.7063098e-15   1.9996470e-16
       9870.0000   6.6718046e-15   1.9234227e-16
       9880.0000   6.6400608e-15   1.6006710e-16
       9890.0000   6.6083171e-15   1.2779193e-16
       9900.0000   6.5765734e-15   9.5516765e-17
       9910.0000   6.5196360e-15   8.1116429e-17
       9920.0000   6.4410629e-15   8.2066579e-17
       9930.0000   6.3624898e-15   8.3016729e-17
       9940.0000   6.2839167e-15   8.3966878e-17
       9950.0000   6.1672544e-15   8.6355132e-17
       9960.0000   6.0354854e-15   8.9313762e-17
       9970.0000   5.9037163e-15   9.2272392e-17
       9980.0000   5.7719472e-15   9.5231023e-17
       9990.0000   5.7021261e-15   9.9248978e-17
       10000.000   5.6406760e-15   1.0341008e-16
       10010.000   5.5792258e-15   1.0757118e-16
       10020.000   5.5211382e-15   1.1209959e-16
       10030.000   5.5718457e-15   1.2851221e-16
       10040.000   5.6225531e-15   1.4492483e-16
       10050.000   5.6732606e-15   1.6133745e-16
       10060.000   5.7213965e-15   1.7257794e-16
       10070.000   5.7569703e-15   1.5855229e-16
       10080.000   5.7925442e-15   1.4452664e-16
       10090.000   5.8281180e-15   1.3050098e-16
       10100.000   5.8864385e-15   1.1369076e-16
       10110.000   6.0004387e-15   9.0064420e-17
       10120.000   6.1144388e-15   6.6438085e-17
       10130.000   6.2284390e-15   4.2811749e-17
       10140.000   6.3322635e-15   3.4024567e-17
       10150.000   6.4208247e-15   4.7496115e-17
       10160.000   6.5093858e-15   6.0967663e-17
       10170.000   6.5979470e-15   7.4439211e-17
       10180.000   6.6617269e-15   8.6159010e-17
       10190.000   6.7007256e-15   9.6127060e-17
       10200.000   6.7397243e-15   1.0609511e-16
       10210.000   6.7787230e-15   1.1606316e-16
       10220.000   6.7624341e-15   1.1965105e-16
       10230.000   6.7061059e-15   1.1861845e-16
       10240.000   6.6497778e-15   1.1758585e-16
       10250.000   6.5934497e-15   1.1655326e-16
       10260.000   6.6041986e-15   1.0995743e-16
       10270.000   6.6510660e-15   1.0036601e-16
       10280.000   6.6979334e-15   9.0774601e-17
       10290.000   6.7448007e-15   8.1183187e-17
       10300.000   6.7627451e-15   8.0036450e-17
       10310.000   6.7688792e-15   8.2337965e-17
       10320.000   6.7750132e-15   8.4639480e-17
       10330.000   6.7811473e-15   8.6940996e-17
       10340.000   6.8265123e-15   9.1525245e-17
       10350.000   6.8842620e-15   9.6830127e-17
       10360.000   6.9420117e-15   1.0213501e-16
       10370.000   6.9997614e-15   1.0743989e-16
       10380.000   7.0487582e-15   1.1404759e-16
       10390.000   7.0954288e-15   1.2100154e-16
       10400.000   7.1420995e-15   1.2795548e-16
       10410.000   7.1887701e-15   1.3490942e-16
       10420.000   7.2711352e-15   1.3990428e-16
       10430.000   7.3618753e-15   1.4443948e-16
       10440.000   7.4526153e-15   1.4897468e-16
       10450.000   7.5433553e-15   1.5350988e-16
       10460.000   7.5642626e-15   1.4806223e-16
       10470.000   7.5698428e-15   1.4042350e-16
       10480.000   7.5754231e-15   1.3278478e-16
       10490.000   7.5810033e-15   1.2514606e-16
       10500.000   7.5472466e-15   1.2943095e-16
       10510.000   7.5048505e-15   1.3633461e-16
       10520.000   7.4624544e-15   1.4323826e-16
       10530.000   7.4200583e-15   1.5014192e-16
       10540.000   7.4415700e-15   1.3007453e-16
       10550.000   7.4780761e-15   1.0367899e-16
       10560.000   7.5145822e-15   7.7283457e-17
       10570.000   7.5510883e-15   5.0887922e-17
       10580.000   7.4826761e-15   5.8240521e-17
       10590.000   7.3863809e-15   7.4562032e-17
       10600.000   7.2900857e-15   9.0883542e-17
       10610.000   7.1937905e-15   1.0720505e-16
       10620.000   7.1845822e-15   1.1439088e-16
       10630.000   7.2044029e-15   1.1853148e-16
       10640.000   7.2242235e-15   1.2267208e-16
       10650.000   7.2440442e-15   1.2681268e-16
       10660.000   7.2863656e-15   1.1816573e-16
       10670.000   7.3378749e-15   1.0429718e-16
       10680.000   7.3893842e-15   9.0428636e-17
       10690.000   7.4408935e-15   7.6560087e-17
       10700.000   7.5270564e-15   7.9603577e-17
       10710.000   7.6318789e-15   9.1753550e-17
       10720.000   7.7367015e-15   1.0390352e-16
       10730.000   7.8415240e-15   1.1605350e-16
       10740.000   7.9430840e-15   1.1329776e-16
       10750.000   8.0423762e-15   1.0018132e-16
       10760.000   8.1416683e-15   8.7064875e-17
       10770.000   8.2409605e-15   7.3948431e-17
       10780.000   8.3195604e-15   7.4411771e-17
       10790.000   8.3782842e-15   8.7919296e-17
       10800.000   8.4370079e-15   1.0142682e-16
       10810.000   8.4957317e-15   1.1493435e-16
       10820.000   8.5638782e-15   1.2205867e-16
       10830.000   8.6445165e-15   1.2072087e-16
       10840.000   8.7251548e-15   1.1938307e-16
       10850.000   8.8057931e-15   1.1804527e-16
       10860.000   8.8685251e-15   1.2081401e-16
       10870.000   8.8948989e-15   1.3192098e-16
       10880.000   8.9212726e-15   1.4302796e-16
       10890.000   8.9476463e-15   1.5413494e-16
       10900.000   8.9993793e-15   1.5949290e-16
       10910.000   9.1359733e-15   1.4561262e-16
       10920.000   9.2725673e-15   1.3173233e-16
       10930.000   9.4091614e-15   1.1785205e-16
       10940.000   9.5319811e-15   1.0640541e-16
       10950.000   9.5537147e-15   1.1281865e-16
       10960.000   9.5754483e-15   1.1923189e-16
       10970.000   9.5971819e-15   1.2564513e-16
       10980.000   9.6189155e-15   1.3205836e-16
       10990.000   9.5803184e-15   1.4359612e-16
       11000.000   9.5417154e-15   1.5513438e-16
       11010.000   9.5031123e-15   1.6667263e-16
       11020.000   9.4645093e-15   1.7821089e-16
       11030.000   9.4487059e-15   1.6108496e-16
       11040.000   9.4366124e-15   1.3929503e-16
       11050.000   9.4245188e-15   1.1750510e-16
       11060.000   9.4124252e-15   9.5715173e-17
       11070.000   9.4034403e-15   9.6461846e-17
       11080.000   9.3956048e-15   1.0554067e-16
       11090.000   9.3877693e-15   1.1461949e-16
       11100.000   9.3799338e-15   1.2369831e-16
       11110.000   9.3763281e-15   1.1740120e-16
       11120.000   9.3757856e-15   9.9968881e-17
       11130.000   9.3752431e-15   8.2536566e-17
       11140.000   9.3747006e-15   6.5104251e-17
       11150.000   9.3575900e-15   6.4104029e-17
       11160.000   9.3175923e-15   8.5803021e-17
       11170.000   9.2775945e-15   1.0750201e-16
       11180.000   9.2375967e-15   1.2920101e-16
       11190.000   9.2107119e-15   1.4293763e-16
       11200.000   9.2211369e-15   1.3401904e-16
       11210.000   9.2315620e-15   1.2510045e-16
       11220.000   9.2419870e-15   1.1618186e-16
       11230.000   9.2541252e-15   1.0878597e-16
       11240.000   9.2835969e-15   1.1679729e-16
       11250.000   9.3130687e-15   1.2480861e-16
       11260.000   9.3425404e-15   1.3281992e-16
       11270.000   9.3720122e-15   1.4083124e-16
       11280.000   9.3624624e-15   1.4391459e-16
       11290.000   9.3490561e-15   1.4651090e-16
       11300.000   9.3356497e-15   1.4910721e-16
       11310.000   9.3222434e-15   1.5170353e-16
       11320.000   9.3091738e-15   1.6665249e-16
       11330.000   9.2962352e-15   1.8640479e-16
       11340.000   9.2832965e-15   2.0615710e-16
       11350.000   9.2703579e-15   2.2590940e-16
       11360.000   9.2573267e-15   2.2706442e-16
       11370.000   9.2442135e-15   2.1172620e-16
       11380.000   9.2311003e-15   1.9638798e-16
       11390.000   9.2179871e-15   1.8104976e-16
       11400.000   9.2106723e-15   1.6645607e-16
       11410.000   9.2151313e-15   1.5337414e-16
       11420.000   9.2195902e-15   1.4029221e-16
       11430.000   9.2240492e-15   1.2721028e-16
       11440.000   9.2239985e-15   1.2018610e-16
       11450.000   9.1908833e-15   1.5757725e-16
       11460.000   9.1577681e-15   1.9496840e-16
       11470.000   9.1246529e-15   2.3235955e-16
       11480.000   9.0915377e-15   2.6975070e-16
       11490.000   9.1754520e-15   2.7761822e-16
       11500.000   9.2709462e-15   2.8256442e-16
       11510.000   9.3664404e-15   2.8751062e-16
       11520.000   9.4619345e-15   2.9245683e-16
       11530.000   9.5568971e-15   2.6552641e-16
       11540.000   9.6516208e-15   2.2427069e-16
       11550.000   9.7463444e-15   1.8301497e-16
       11560.000   9.8410681e-15   1.4175926e-16
       11570.000   9.9003497e-15   1.2381829e-16
       11580.000   9.9180188e-15   1.3325113e-16
       11590.000   9.9356880e-15   1.4268396e-16
       11600.000   9.9533572e-15   1.5211680e-16
       11610.000   9.9607966e-15   1.6420026e-16
       11620.000   9.9339849e-15   1.8515854e-16
       11630.000   9.9071732e-15   2.0611682e-16
       11640.000   9.8803615e-15   2.2707510e-16
       11650.000   9.8535498e-15   2.4803338e-16
       11660.000   9.8048084e-15   2.1102660e-16
       11670.000   9.7560670e-15   1.7401982e-16
       11680.000   9.7073256e-15   1.3701304e-16
       11690.000   9.6585842e-15   1.0000626e-16
       11700.000   9.5561694e-15   9.2889213e-17
       11710.000   9.4358634e-15   9.5735408e-17
       11720.000   9.3155574e-15   9.8581602e-17
       11730.000   9.1952515e-15   1.0142780e-16
       11740.000   9.1191393e-15   1.0002547e-16
       11750.000   9.0854946e-15   9.4540591e-17
       11760.000   9.0518499e-15   8.9055713e-17
       11770.000   9.0182051e-15   8.3570834e-17
       11780.000   8.9774910e-15   8.1605186e-17
       11790.000   8.9155685e-15   9.0197229e-17
       11800.000   8.8536461e-15   9.8789271e-17
       11810.000   8.7917236e-15   1.0738131e-16
       11820.000   8.7298011e-15   1.1597336e-16
       11830.000   8.7142436e-15   1.0601447e-16
       11840.000   8.6986861e-15   9.6055589e-17
       11850.000   8.6831286e-15   8.6096706e-17
       11860.000   8.6675710e-15   7.6137822e-17
       11870.000   8.6688616e-15   9.3019563e-17
       11880.000   8.6763842e-15   1.1982964e-16
       11890.000   8.6839068e-15   1.4663972e-16
       11900.000   8.6914295e-15   1.7344980e-16
       11910.000   8.6996901e-15   1.7821862e-16
       11920.000   8.7087830e-15   1.5813435e-16
       11930.000   8.7178759e-15   1.3805008e-16
       11940.000   8.7269688e-15   1.1796581e-16
       11950.000   8.7311561e-15   1.0176477e-16
       11960.000   8.7157211e-15   1.0109665e-16
       11970.000   8.7002861e-15   1.0042853e-16
       11980.000   8.6848510e-15   9.9760414e-17
       11990.000   8.6694160e-15   9.9092296e-17
