       3000.0000   3.1053941e-20       0.0000000
       3010.0000   3.2946110e-20       0.0000000
       3020.0000   3.4937961e-20       0.0000000
       3030.0000   3.7033859e-20       0.0000000
       3040.0000   3.9238316e-20       0.0000000
       3050.0000   4.1555992e-20       0.0000000
       3060.0000   4.3991705e-20       0.0000000
       3070.0000   4.6550426e-20       0.0000000
       3080.0000   4.9237288e-20       0.0000000
       3090.0000   5.2057588e-20       0.0000000
       3100.0000   5.5016786e-20       0.0000000
       3110.0000   5.8120516e-20       0.0000000
       3120.0000   6.1374581e-20       0.0000000
       3130.0000   6.4784963e-20       0.0000000
       3140.0000   6.8357819e-20       0.0000000
       3150.0000   7.2099492e-20       0.0000000
       3160.0000   7.6016507e-20       0.0000000
       3170.0000   8.0115581e-20       0.0000000
       3180.0000   8.4403619e-20       0.0000000
       3190.0000   8.8887721e-20       0.0000000
       3200.0000   9.3575186e-20       0.0000000
       3210.0000   9.8473512e-20       0.0000000
       3220.0000   1.0359040e-19       0.0000000
       3230.0000   1.0893376e-19       0.0000000
       3240.0000   1.1451171e-19       0.0000000
       3250.0000   1.2033258e-19       0.0000000
       3260.0000   1.2640491e-19       0.0000000
       3270.0000   1.3273747e-19       0.0000000
       3280.0000   1.3933923e-19       0.0000000
       3290.0000   1.4621941e-19       0.0000000
       3300.0000   1.5338744e-19       0.0000000
       3310.0000   1.6085297e-19       0.0000000
       3320.0000   1.6862590e-19       0.0000000
       3330.0000   1.7671636e-19       0.0000000
       3340.0000   1.8513470e-19       0.0000000
       3350.0000   1.9389152e-19       0.0000000
       3360.0000   2.0299767e-19       0.0000000
       3370.0000   2.1246423e-19       0.0000000
       3380.0000   2.2230253e-19       0.0000000
       3390.0000   2.3252414e-19       0.0000000
       3400.0000   2.4314089e-19       0.0000000
       3410.0000   2.5416486e-19       0.0000000
       3420.0000   2.6560838e-19       0.0000000
       3430.0000   2.7748404e-19       0.0000000
       3440.0000   2.8980468e-19       0.0000000
       3450.0000   3.0258341e-19       0.0000000
       3460.0000   3.1583359e-19       0.0000000
       3470.0000   3.2956885e-19       0.0000000
       3480.0000   3.4380307e-19       0.0000000
       3490.0000   3.5855042e-19       0.0000000
       3500.0000   3.7382532e-19       0.0000000
       3510.0000   3.8964246e-19       0.0000000
       3520.0000   4.0601680e-19       0.0000000
       3530.0000   4.2296357e-19       0.0000000
       3540.0000   4.4049828e-19       0.0000000
       3550.0000   4.5863669e-19       0.0000000
       3560.0000   4.7739487e-19       0.0000000
       3570.0000   4.9678913e-19       0.0000000
       3580.0000   5.1683606e-19       0.0000000
       3590.0000   5.3755255e-19       0.0000000
       3600.0000   5.5895574e-19       0.0000000
       3610.0000   5.8106306e-19       0.0000000
       3620.0000   6.0389220e-19       0.0000000
       3630.0000   6.2746115e-19       0.0000000
       3640.0000   6.5178816e-19       0.0000000
       3650.0000   6.7689176e-19       0.0000000
       3660.0000   7.0279077e-19       0.0000000
       3670.0000   7.2950428e-19       0.0000000
       3680.0000   7.5705163e-19       0.0000000
       3690.0000   7.8545248e-19       0.0000000
       3700.0000   8.1472675e-19       0.0000000
       3710.0000   8.4489461e-19       0.0000000
       3720.0000   8.7597654e-19       0.0000000
       3730.0000   9.0799328e-19       0.0000000
       3740.0000   9.4096584e-19       0.0000000
       3750.0000   9.7491550e-19       0.0000000
       3760.0000   1.0098638e-18       0.0000000
       3770.0000   1.0458326e-18       0.0000000
       3780.0000   1.0828440e-18       0.0000000
       3790.0000   1.1209204e-18       0.0000000
       3800.0000   1.1600843e-18       0.0000000
       3810.0000   1.2003587e-18       0.0000000
       3820.0000   1.2417668e-18       0.0000000
       3830.0000   1.2843319e-18       0.0000000
       3840.0000   1.3280777e-18       0.0000000
       3850.0000   1.3730282e-18       0.0000000
       3860.0000   1.4192075e-18       0.0000000
       3870.0000   1.4666402e-18       0.0000000
       3880.0000   1.5153508e-18       0.0000000
       3890.0000   1.5653644e-18       0.0000000
       3900.0000   1.6167062e-18       0.0000000
       3910.0000   1.6694016e-18       0.0000000
       3920.0000   1.7234762e-18       0.0000000
       3930.0000   1.7789560e-18       0.0000000
       3940.0000   1.8358672e-18       0.0000000
       3950.0000   1.8942361e-18       0.0000000
       3960.0000   1.9540894e-18       0.0000000
       3970.0000   2.0154539e-18       0.0000000
       3980.0000   2.0783568e-18       0.0000000
       3990.0000   2.1428252e-18       0.0000000
       4000.0000   2.2088867e-18       0.0000000
       4010.0000   2.2765692e-18       0.0000000
       4020.0000   2.3459004e-18       0.0000000
       4030.0000   2.4169086e-18       0.0000000
       4040.0000   2.4896221e-18       0.0000000
       4050.0000   2.5640695e-18       0.0000000
       4060.0000   2.6402795e-18       0.0000000
       4070.0000   2.7182812e-18       0.0000000
       4080.0000   2.7981036e-18       0.0000000
       4090.0000   2.8797762e-18       0.0000000
       4100.0000   2.9633283e-18       0.0000000
       4110.0000   3.0487898e-18       0.0000000
       4120.0000   3.1361904e-18       0.0000000
       4130.0000   3.2255602e-18       0.0000000
       4140.0000   3.3169295e-18       0.0000000
       4150.0000   3.4103286e-18       0.0000000
       4160.0000   3.5057881e-18       0.0000000
       4170.0000   3.6033385e-18       0.0000000
       4180.0000   3.7030108e-18       0.0000000
       4190.0000   3.8048360e-18       0.0000000
       4200.0000   3.9088451e-18       0.0000000
       4210.0000   4.0150694e-18       0.0000000
       4220.0000   4.1235403e-18       0.0000000
       4230.0000   4.2342893e-18       0.0000000
       4240.0000   4.3473480e-18       0.0000000
       4250.0000   4.4627482e-18       0.0000000
       4260.0000   4.5805217e-18       0.0000000
       4270.0000   4.7007006e-18       0.0000000
       4280.0000   4.8233169e-18       0.0000000
       4290.0000   4.9484027e-18       0.0000000
       4300.0000   5.0759903e-18       0.0000000
       4310.0000   5.2061121e-18       0.0000000
       4320.0000   5.3388005e-18       0.0000000
       4330.0000   5.4740880e-18       0.0000000
       4340.0000   5.6120071e-18       0.0000000
       4350.0000   5.7525907e-18       0.0000000
       4360.0000   5.8958712e-18       0.0000000
       4370.0000   6.0418816e-18       0.0000000
       4380.0000   6.1906546e-18       0.0000000
       4390.0000   6.3422231e-18       0.0000000
       4400.0000   6.4966200e-18       0.0000000
       4410.0000   6.6538782e-18       0.0000000
       4420.0000   6.8140308e-18       0.0000000
       4430.0000   6.9771107e-18       0.0000000
       4440.0000   7.1431509e-18       0.0000000
       4450.0000   7.3121845e-18       0.0000000
       4460.0000   7.4842445e-18       0.0000000
       4470.0000   7.6593640e-18       0.0000000
       4480.0000   7.8375760e-18       0.0000000
       4490.0000   8.0189135e-18       0.0000000
       4500.0000   8.2034096e-18       0.0000000
       4510.0000   8.3910972e-18       0.0000000
       4520.0000   8.5820095e-18       0.0000000
       4530.0000   8.7761793e-18       0.0000000
       4540.0000   8.9736395e-18       0.0000000
       4550.0000   9.1744231e-18       0.0000000
       4560.0000   9.3785629e-18       0.0000000
       4570.0000   9.5860917e-18       0.0000000
       4580.0000   9.7970423e-18       0.0000000
       4590.0000   1.0011447e-17       0.0000000
       4600.0000   1.0229339e-17       0.0000000
       4610.0000   1.0450751e-17       0.0000000
       4620.0000   1.0675714e-17       0.0000000
       4630.0000   1.0904263e-17       0.0000000
       4640.0000   1.1136427e-17       0.0000000
       4650.0000   1.1372241e-17       0.0000000
       4660.0000   1.1611736e-17       0.0000000
       4670.0000   1.1854944e-17       0.0000000
       4680.0000   1.2101897e-17       0.0000000
       4690.0000   1.2352627e-17       0.0000000
       4700.0000   1.2607166e-17       0.0000000
       4710.0000   1.2865544e-17       0.0000000
       4720.0000   1.3127794e-17       0.0000000
       4730.0000   1.3393947e-17       0.0000000
       4740.0000   1.3664034e-17       0.0000000
       4750.0000   1.3938086e-17       0.0000000
       4760.0000   1.4216134e-17       0.0000000
       4770.0000   1.4498208e-17       0.0000000
       4780.0000   1.4784340e-17       0.0000000
       4790.0000   1.5074559e-17       0.0000000
       4800.0000   1.5368896e-17       0.0000000
       4810.0000   1.5667381e-17       0.0000000
       4820.0000   1.5970044e-17       0.0000000
       4830.0000   1.6276915e-17       0.0000000
       4840.0000   1.6588023e-17       0.0000000
       4850.0000   1.6903397e-17       0.0000000
       4860.0000   1.7223067e-17       0.0000000
       4870.0000   1.7547061e-17       0.0000000
       4880.0000   1.7875409e-17       0.0000000
       4890.0000   1.8208139e-17       0.0000000
       4900.0000   1.8545279e-17       0.0000000
       4910.0000   1.8886858e-17       0.0000000
       4920.0000   1.9232903e-17       0.0000000
       4930.0000   1.9583442e-17       0.0000000
       4940.0000   1.9938502e-17       0.0000000
       4950.0000   2.0298111e-17       0.0000000
       4960.0000   2.0662296e-17       0.0000000
       4970.0000   2.1031084e-17       0.0000000
       4980.0000   2.1404500e-17       0.0000000
       4990.0000   2.1782572e-17       0.0000000
       5000.0000   2.2165325e-17       0.0000000
       5010.0000   2.2552785e-17       0.0000000
       5020.0000   2.2944978e-17       0.0000000
       5030.0000   2.3341928e-17       0.0000000
       5040.0000   2.3743662e-17       0.0000000
       5050.0000   2.4150203e-17       0.0000000
       5060.0000   2.4561576e-17       0.0000000
       5070.0000   2.4977805e-17       0.0000000
       5080.0000   2.5398914e-17       0.0000000
       5090.0000   2.5824927e-17       0.0000000
       5100.0000   2.6255866e-17       0.0000000
       5110.0000   2.6691756e-17       0.0000000
       5120.0000   2.7132619e-17       0.0000000
       5130.0000   2.7578477e-17       0.0000000
       5140.0000   2.8029352e-17       0.0000000
       5150.0000   2.8485266e-17       0.0000000
       5160.0000   2.8946242e-17       0.0000000
       5170.0000   2.9412299e-17       0.0000000
       5180.0000   2.9883459e-17       0.0000000
       5190.0000   3.0359743e-17       0.0000000
       5200.0000   3.0841171e-17       0.0000000
       5210.0000   3.1327763e-17       0.0000000
       5220.0000   3.1819538e-17       0.0000000
       5230.0000   3.2316517e-17       0.0000000
       5240.0000   3.2818717e-17       0.0000000
       5250.0000   3.3326158e-17       0.0000000
       5260.0000   3.3838858e-17       0.0000000
       5270.0000   3.4356835e-17       0.0000000
       5280.0000   3.4880107e-17       0.0000000
       5290.0000   3.5408692e-17       0.0000000
       5300.0000   3.5942606e-17       0.0000000
       5310.0000   3.6481865e-17       0.0000000
       5320.0000   3.7026487e-17       0.0000000
       5330.0000   3.7576488e-17       0.0000000
       5340.0000   3.8131883e-17       0.0000000
       5350.0000   2.0275542e-17   2.2634116e-17
       5360.0000   3.7685864e-17   2.1612539e-17
       5370.0000   4.2098491e-17   2.1270237e-17
       5380.0000   2.1497709e-17   2.1540383e-17
       5390.0000   3.7093680e-17   2.2348052e-17
       5400.0000   4.0386794e-17   2.1640640e-17
       5410.0000   4.4693901e-17   2.1348089e-17
       5420.0000   2.3128586e-17   2.1882910e-17
       5430.0000   1.8651354e-17   2.2292993e-17
       5440.0000   2.6628926e-17   2.2157125e-17
       5450.0000   4.0727414e-17   2.1439574e-17
       5460.0000   4.9025428e-17   3.5160960e-17
       5470.0000   4.1203931e-17   2.2413556e-17
       5480.0000   3.0969021e-17   2.2494810e-17
       5490.0000   2.9015019e-17   2.1832890e-17
       5500.0000   1.0403775e-17   2.2286652e-17
       5510.0000   2.0843429e-17   2.2069651e-17
       5520.0000   1.8562027e-17   2.2731048e-17
       5530.0000   2.3807163e-17   2.1996324e-17
       5540.0000   1.3085970e-17   2.2188930e-17
       5550.0000   1.2947834e-17   2.2340811e-17
       5560.0000   5.2159996e-17   2.2329939e-17
       5570.0000   2.1251168e-17   2.4317577e-17
       5580.0000   2.5649649e-17   1.1303533e-16
       5590.0000   3.7222946e-17   2.2977536e-17
       5600.0000   2.7490378e-17   2.2821861e-17
       5610.0000   2.9817857e-17   2.2764974e-17
       5620.0000   2.7008585e-17   2.2459330e-17
       5630.0000   3.9956169e-17   2.2259718e-17
       5640.0000   2.6753661e-17   2.2523315e-17
       5650.0000   4.0066252e-17   2.2778228e-17
       5660.0000   3.1924748e-17   2.2801023e-17
       5670.0000   3.0492300e-17   2.4912908e-17
       5680.0000   3.3560001e-17   2.6218390e-17
       5690.0000   2.8036241e-17   2.9946169e-17
       5700.0000   7.1964594e-17   2.5869406e-17
       5710.0000   6.2375995e-17   2.4228571e-17
       5720.0000   5.6497814e-17   2.4059967e-17
       5730.0000   2.5927112e-17   2.3422253e-17
       5740.0000   2.1777891e-17   2.3494885e-17
       5750.0000   3.4183121e-17   2.3413182e-17
       5760.0000   6.5821334e-17   2.5184657e-17
       5770.0000   4.0572916e-17   2.9131991e-17
       5780.0000   3.8154414e-17   2.5514415e-17
       5790.0000   2.8384595e-17   3.0024021e-17
       5800.0000   3.1873505e-17   2.7628784e-17
       5810.0000   2.0602001e-18   2.8066950e-17
       5820.0000   2.2523737e-17   2.8051506e-17
       5830.0000   3.7383234e-17   2.9442267e-17
       5840.0000   4.1698316e-17   2.9597274e-17
       5850.0000  -1.4320502e-17   3.0078625e-17
       5860.0000   1.0752085e-17   2.9339774e-17
       5870.0000   1.2776443e-17   3.0655016e-17
       5880.0000   1.6886071e-17   2.7327091e-17
       5890.0000   2.4037046e-17   7.0735595e-17
       5900.0000   1.8416304e-18   2.7604627e-17
       5910.0000   8.4123038e-18   2.5197102e-17
       5920.0000   3.7968992e-17   2.5257277e-17
       5930.0000   1.6621100e-17   2.6329584e-17
       5940.0000   5.5091816e-17   2.3974873e-17
       5950.0000   4.9922246e-17   2.4395954e-17
       5960.0000   5.2853236e-17   2.3710429e-17
       5970.0000   3.7584623e-17   2.4261850e-17
       5980.0000   2.8206984e-17   2.3277218e-17
       5990.0000   3.2460299e-18   2.2089543e-17
       6000.0000   3.6233799e-17   2.1698600e-17
       6010.0000   3.2370750e-17   2.1017206e-17
       6020.0000   5.3147199e-17   2.0761171e-17
       6030.0000   4.2069578e-17   2.1211595e-17
       6040.0000   5.2185213e-17   2.0498153e-17
       6050.0000   2.3462084e-17   2.0265148e-17
       6060.0000   3.0705139e-17   1.9751447e-17
       6070.0000   6.3150384e-17   1.9283110e-17
       6080.0000   6.7870247e-17   1.8949174e-17
       6090.0000   4.3258001e-17   1.8152529e-17
       6100.0000   5.3102009e-17   1.8284227e-17
       6110.0000   5.4970636e-17   1.7905905e-17
       6120.0000   4.3877934e-17   1.7363923e-17
       6130.0000   2.9255931e-17   1.7385658e-17
       6140.0000   4.5876924e-17   1.8170100e-17
       6150.0000   3.5877851e-17   1.7762704e-17
       6160.0000   4.3039841e-17   1.9193792e-17
       6170.0000   4.0019117e-17   1.9034664e-17
       6180.0000   4.6105265e-17   1.7431347e-17
       6190.0000   4.2569914e-17   1.7062587e-17
       6200.0000   3.2793123e-17   1.7347517e-17
       6210.0000   3.4988124e-17   1.7628669e-17
       6220.0000   4.2041011e-17   1.8660157e-17
       6230.0000   4.0944918e-17   1.6750813e-17
       6240.0000   2.1894957e-17   1.8983335e-17
       6250.0000   2.5072557e-17   1.5651879e-17
       6260.0000   4.3434493e-17   1.9506034e-17
       6270.0000   4.3772536e-17   1.5435486e-17
       6280.0000   4.9026567e-17   1.5538096e-17
       6290.0000   5.7220412e-17   1.7439676e-17
       6300.0000   4.9138340e-18   8.3900989e-17
       6310.0000   5.7856468e-17   1.5786727e-17
       6320.0000   8.8231782e-17   1.6001734e-17
       6330.0000   7.7921027e-17   1.8847719e-17
       6340.0000   7.6019452e-17   1.4159679e-17
       6350.0000   9.4976658e-17   1.5275456e-17
       6360.0000   8.1353260e-17   2.2702049e-17
       6370.0000   7.5857691e-17   1.4287292e-17
       6380.0000   7.0965159e-17   1.5002633e-17
       6390.0000   7.8695140e-17   1.4187450e-17
       6400.0000   8.9149617e-17   1.4010845e-17
       6410.0000   8.0083170e-17   1.4004051e-17
       6420.0000   8.5610051e-17   1.4196700e-17
       6430.0000   7.0312866e-17   1.3325775e-17
       6440.0000   8.9470360e-17   1.3202075e-17
       6450.0000   8.6170535e-17   1.3861009e-17
       6460.0000   8.1387972e-17   1.4469912e-17
       6470.0000   9.3032358e-17   1.7053895e-17
       6480.0000   8.4834345e-17   1.4047434e-17
       6490.0000   1.0428564e-16   1.3403151e-17
       6500.0000   1.1233347e-16   1.7939484e-17
       6510.0000   1.2526518e-16   1.3621110e-17
       6520.0000   1.3705385e-16   1.4808455e-17
       6530.0000   1.5535824e-16   1.5752216e-17
       6540.0000   1.5846596e-16   1.4581904e-17
       6550.0000   1.3745264e-16   1.5183025e-17
       6560.0000   1.9216854e-16   1.6592945e-17
       6570.0000   1.4492052e-16   1.5585185e-17
       6580.0000   1.4284282e-16   1.5728703e-17
       6590.0000   1.6374458e-16   1.3915179e-17
       6600.0000   1.6015654e-16   1.4540433e-17
       6610.0000   1.6174232e-16   1.3280215e-17
       6620.0000   1.7706498e-16   1.3433662e-17
       6630.0000   1.5727152e-16   1.3695674e-17
       6640.0000   1.8012261e-16   1.3009375e-17
       6650.0000   1.6953386e-16   1.2786263e-17
       6660.0000   1.8429276e-16   1.2978739e-17
       6670.0000   1.8046294e-16   1.2752918e-17
       6680.0000   1.7468392e-16   1.2534518e-17
       6690.0000   1.8486893e-16   1.2156998e-17
       6700.0000   1.7401748e-16   1.2658852e-17
       6710.0000   1.8232399e-16   1.2351163e-17
       6720.0000   1.8932978e-16   1.2502274e-17
       6730.0000   1.9353926e-16   1.2319860e-17
       6740.0000   1.8023958e-16   1.2518803e-17
       6750.0000   2.1863381e-16   1.2228548e-17
       6760.0000   2.1353682e-16   1.2237058e-17
       6770.0000   1.9512155e-16   1.2284979e-17
       6780.0000   2.0823267e-16   1.2095241e-17
       6790.0000   1.7625753e-16   1.2056017e-17
       6800.0000   1.9578107e-16   1.2337596e-17
       6810.0000   1.8262472e-16   1.2185717e-17
       6820.0000   1.9587962e-16   1.2217534e-17
       6830.0000   1.8246524e-16   2.1533509e-17
       6840.0000   1.8198126e-16   1.5022267e-17
       6850.0000   1.8437347e-16   1.2718054e-17
       6860.0000   1.5342528e-16   1.6285403e-17
       6870.0000   1.8096318e-16   1.8485420e-17
       6880.0000   1.5028269e-16   1.4687448e-17
       6890.0000   1.5811616e-16   1.7000604e-17
       6900.0000   1.5002070e-16   1.6806633e-17
       6910.0000   1.6941677e-16   1.5915652e-17
       6920.0000   1.6080912e-16   1.7334259e-17
       6930.0000   1.8661961e-16   1.4396165e-17
       6940.0000   1.7177085e-16   1.6917616e-17
       6950.0000   1.9947566e-16   2.1550245e-17
       6960.0000   2.1460462e-16   1.3220174e-17
       6970.0000   2.1260656e-16   1.5874018e-17
       6980.0000   2.2775140e-16   1.7274502e-17
       6990.0000   2.2600765e-16   1.2862784e-17
       7000.0000   2.2146418e-16   1.3351711e-17
       7010.0000   2.5879296e-16   1.6175283e-17
       7020.0000   2.6082652e-16   1.2721175e-17
       7030.0000   3.1027188e-16   1.2877898e-17
       7040.0000   3.3194720e-16   1.3464825e-17
       7050.0000   3.5742271e-16   1.5332468e-17
       7060.0000   2.8550791e-16   1.3229054e-17
       7070.0000   3.1562200e-16   1.3268161e-17
       7080.0000   3.1261881e-16   1.3568418e-17
       7090.0000   2.9720077e-16   1.3998415e-17
       7100.0000   2.8747557e-16   1.2222685e-17
       7110.0000   3.0423524e-16   1.2113119e-17
       7120.0000   3.0233787e-16   1.2106895e-17
       7130.0000   2.8651024e-16   1.2803275e-17
       7140.0000   2.9284954e-16   1.3199410e-17
       7150.0000   3.1741839e-16   1.2944500e-17
       7160.0000   3.0665631e-16   1.2887743e-17
       7170.0000   3.2334970e-16   1.3098378e-17
       7180.0000   3.2321296e-16   1.3628865e-17
       7190.0000   3.5143162e-16   1.3054583e-17
       7200.0000   3.4555311e-16   1.3419203e-17
       7210.0000   3.6483681e-16   1.2848466e-17
       7220.0000   3.6255046e-16   1.3146020e-17
       7230.0000   3.8986466e-16   1.4385031e-17
       7240.0000   3.8164559e-16   3.4189282e-17
       7250.0000   4.2484157e-16   1.8121718e-17
       7260.0000   4.1530169e-16   1.4419961e-17
       7270.0000   4.3307624e-16   1.6381958e-17
       7280.0000   4.5395075e-16   2.5281319e-17
       7290.0000   4.7000519e-16   1.5677138e-17
       7300.0000   4.7125021e-16   1.7530572e-17
       7310.0000   5.3004681e-16   1.6764402e-17
       7320.0000   5.6684908e-16   1.9452753e-17
       7330.0000   5.1597180e-16   2.4422340e-17
       7340.0000   5.7451506e-16   4.3063866e-17
       7350.0000   5.7047354e-16   1.5692526e-17
       7360.0000   5.1877744e-16   2.2326686e-17
       7370.0000   5.4134188e-16   3.3655606e-17
       7380.0000   5.5160148e-16   1.5017343e-17
       7390.0000   5.9853562e-16   2.1041067e-17
       7400.0000   5.6506521e-16   2.7833750e-17
       7410.0000   5.8795736e-16   1.4789104e-17
       7420.0000   5.1864256e-16   1.4222102e-17
       7430.0000   5.6286675e-16   1.8358068e-17
       7440.0000   5.6376873e-16   1.9579451e-17
       7450.0000   5.2173054e-16   1.4184555e-17
       7460.0000   5.0147227e-16   1.5047441e-17
       7470.0000   5.2576668e-16   1.8673032e-17
       7480.0000   5.0803116e-16   2.1770463e-17
       7490.0000   5.5053153e-16   1.5268916e-17
       7500.0000   5.4376840e-16   1.4303963e-17
       7510.0000   5.5309754e-16   1.3931557e-17
       7520.0000   5.4283326e-16   2.0381605e-17
       7530.0000   5.6138527e-16   1.9125254e-17
       7540.0000   5.6425933e-16   1.5617567e-17
       7550.0000   5.5145046e-16   1.4155895e-17
       7560.0000   5.9210161e-16   1.6286125e-17
       7570.0000   5.5328178e-16   2.5064192e-17
       7580.0000   5.6988616e-16   1.4434891e-17
       7590.0000   4.5649081e-16   1.5207297e-17
       7600.0000   4.3325113e-16   4.6111977e-17
       7610.0000   4.6586268e-16   3.3353792e-17
       7620.0000   4.1642144e-16   2.1502442e-17
       7630.0000   3.2228726e-16   3.1433684e-17
       7640.0000   2.5634102e-16   2.0320067e-17
       7650.0000   1.8110749e-16   1.8417712e-17
       7660.0000   1.0573897e-16   2.0318773e-17
       7670.0000   8.7960847e-17   1.4008099e-17
       7680.0000   1.8177939e-16   1.4758459e-17
       7690.0000   1.7889436e-16   1.5876102e-17
       7700.0000   6.8497164e-17   1.7387658e-17
       7710.0000   2.2473656e-16   3.1322587e-17
       7720.0000   3.3105662e-16   2.5792026e-17
       7730.0000   3.8118328e-16   1.6548658e-17
       7740.0000   4.2958987e-16   1.6170326e-17
       7750.0000   4.3398119e-16   5.0191918e-17
       7760.0000   4.3135625e-16   2.7327097e-17
       7770.0000   5.2007936e-16   1.8810642e-17
       7780.0000   4.6061349e-16   2.3571019e-17
       7790.0000   5.0187216e-16   2.4321995e-17
       7800.0000   2.9831812e-16   1.5888996e-17
       7810.0000   5.3065055e-16   2.4773223e-17
       7820.0000   5.6667985e-16   4.5381909e-17
       7830.0000   5.3931436e-16   1.6580940e-17
       7840.0000   5.9238122e-16   2.7012326e-17
       7850.0000   5.9585333e-16   3.4833826e-17
       7860.0000   6.0977965e-16   3.1251849e-17
       7870.0000   5.8901390e-16   3.5114750e-17
       7880.0000   6.4460521e-16   2.8439390e-17
       7890.0000   6.6097124e-16   3.5933406e-17
       7900.0000   6.0588940e-16   1.7269389e-17
       7910.0000   6.2215117e-16   3.6712053e-17
       7920.0000   6.2568594e-16   3.6157284e-17
       7930.0000   6.5650821e-16   3.0392445e-17
       7940.0000   6.4607954e-16   1.7511717e-17
       7950.0000   4.9038029e-16   2.5350878e-17
       7960.0000   6.4514205e-16   2.3651353e-17
       7970.0000   7.6355756e-16   2.0770057e-17
       7980.0000   7.0236141e-16   2.9996859e-17
       7990.0000   6.9422521e-16   3.6677730e-17
       8000.0000   7.6008747e-16   1.9513105e-17
       8010.0000   7.7530671e-16   2.0937710e-17
       8020.0000   8.1230098e-16   2.1722746e-17
       8030.0000   8.9322054e-16   2.4638800e-17
       8040.0000   8.9420468e-16   1.7717859e-17
       8050.0000   1.0060221e-15   2.3746101e-17
       8060.0000   1.0497626e-15   3.0119367e-17
       8070.0000   1.0874700e-15   1.8394638e-17
       8080.0000   1.1649821e-15   1.8767936e-17
       8090.0000   1.2081488e-15   1.9542638e-17
       8100.0000   1.1826164e-15   2.3973574e-17
       8110.0000   1.2700253e-15   1.9322173e-17
       8120.0000   1.4120062e-15   1.8946287e-17
       8130.0000   1.4334669e-15   1.9590412e-17
       8140.0000   1.4806856e-15   2.1776875e-17
       8150.0000   1.3538731e-15   2.0865645e-17
       8160.0000   1.4793953e-15   2.0477772e-17
       8170.0000   1.6093431e-15   2.0871476e-17
       8180.0000   1.3384064e-15   2.2586790e-17
       8190.0000   1.3754557e-15   2.4067324e-17
       8200.0000   1.2978220e-15   2.2812749e-17
       8210.0000   1.4656737e-15   2.1186383e-17
       8220.0000   1.5053876e-15   2.0614229e-17
       8230.0000   1.7012385e-15   2.2629502e-17
       8240.0000   1.6940361e-15   2.1274331e-17
       8250.0000   1.6959668e-15   2.1456711e-17
       8260.0000   1.6943425e-15   2.1144674e-17
       8270.0000   1.6318713e-15   2.1336895e-17
       8280.0000   1.6588008e-15   4.3939948e-17
       8290.0000   1.4803080e-15   4.1513418e-17
       8300.0000   1.4779046e-15   4.7014550e-17
       8310.0000   1.4975571e-15   3.2481079e-17
       8320.0000   1.6230291e-15   2.3280306e-17
       8330.0000   1.6039906e-15   2.1901442e-17
       8340.0000   1.6773954e-15   4.5705119e-17
       8350.0000   1.6212769e-15   4.2632714e-17
       8360.0000   1.6281202e-15   2.6728064e-17
       8370.0000   1.7395759e-15   2.3320729e-17
       8380.0000   1.7146733e-15   3.8392320e-17
       8390.0000   1.5947829e-15   2.3895127e-17
       8400.0000   1.6429569e-15   7.5166233e-17
       8410.0000   1.7304351e-15   2.8054480e-17
       8420.0000   1.6383234e-15   2.6267148e-17
       8430.0000   1.7150484e-15   8.1885779e-17
       8440.0000   1.5035371e-15   2.2399787e-17
       8450.0000   1.3097149e-15   4.0567671e-17
       8460.0000   1.2837647e-15   3.2784976e-17
       8470.0000   1.1808744e-15   2.8347820e-17
       8480.0000   1.1992612e-15   2.2123716e-17
       8490.0000   1.3183553e-15   3.0853781e-17
       8500.0000   1.2460091e-15   3.2416085e-17
       8510.0000   1.3602004e-15   2.4885152e-17
       8520.0000   9.6002105e-16   2.2797540e-17
       8530.0000   1.3500178e-15   2.2239559e-17
       8540.0000   1.3760662e-15   2.9064726e-17
       8550.0000   1.5380214e-15   3.4202286e-17
       8560.0000   1.4188246e-15   2.3260122e-17
       8570.0000   1.5195934e-15   2.4655422e-17
       8580.0000   1.5349410e-15   2.4297061e-17
       8590.0000   1.5623232e-15   2.7820049e-17
       8600.0000   1.6080593e-15   2.7656515e-17
       8610.0000   1.4495234e-15   2.8188579e-17
       8620.0000   1.1671817e-15   4.1938889e-17
       8630.0000   1.0797825e-15   5.1076622e-17
       8640.0000   1.1551974e-15   3.6993557e-17
       8650.0000   1.2985365e-15   4.6190146e-17
       8660.0000   1.3424881e-15   5.0426369e-17
       8670.0000   1.2783710e-15   4.7018041e-17
       8680.0000   1.3952961e-15   3.6128988e-17
       8690.0000   1.2414256e-15   2.9837490e-17
       8700.0000   1.0462109e-15   2.8921900e-17
       8710.0000   9.5752532e-16   2.7613777e-17
       8720.0000   9.9157272e-16   2.6180341e-17
       8730.0000   1.2477743e-15   2.7323608e-17
       8740.0000   1.2148672e-15   2.8084005e-17
       8750.0000   1.1904150e-15   2.8571487e-17
       8760.0000   1.4873781e-15   7.0449878e-17
       8770.0000   1.4197742e-15   6.0305633e-17
       8780.0000   1.3748305e-15   6.5701739e-17
       8790.0000   1.5018798e-15   5.3179916e-17
       8800.0000   1.4130657e-15   2.9782261e-17
       8810.0000   1.5709838e-15   3.2585719e-17
       8820.0000   1.8237131e-15   3.6103713e-17
       8830.0000   1.6477251e-15   8.2169953e-17
       8840.0000   2.0814663e-15   4.3470941e-17
       8850.0000   1.6565296e-15   4.5735016e-17
       8860.0000   1.5223285e-15   3.3088583e-17
       8870.0000   1.3294419e-15   5.2776056e-17
       8880.0000   1.7904112e-15   4.2765106e-17
       8890.0000   1.8248558e-15   5.7614565e-17
       8900.0000   1.7686289e-15   6.6535981e-17
       8910.0000   1.5720498e-15   3.4234304e-17
       8920.0000   1.7861957e-15   1.3113126e-16
       8930.0000   1.9232099e-15   3.4221211e-17
       8940.0000   1.6398872e-15   5.9676915e-17
       8950.0000   1.7638996e-15   3.4210953e-17
       8960.0000   1.9348278e-15   1.0011773e-16
       8970.0000   1.9756489e-15   3.5442340e-17
       8980.0000   1.9776858e-15   3.6276691e-17
       8990.0000   2.0610856e-15   6.0423849e-17
       9000.0000   1.9379182e-15   9.5405665e-17
       9010.0000   2.1123088e-15   3.3874410e-17
       9020.0000   1.9835520e-15   3.3960352e-17
       9030.0000   1.9360124e-15   3.6332050e-17
       9040.0000   2.3935962e-15   4.3508332e-17
       9050.0000   2.3138550e-15   5.9930454e-17
       9060.0000   1.9788215e-15   3.4587250e-17
       9070.0000   2.0566059e-15   3.9273148e-17
       9080.0000   2.4135493e-15   3.7805331e-17
       9090.0000   2.3486569e-15   4.4405213e-17
       9100.0000   2.6270559e-15   4.8849212e-17
       9110.0000   2.5878852e-15   3.6761540e-17
       9120.0000   2.7198219e-15   3.9023298e-17
       9130.0000   2.7750289e-15   3.9818627e-17
       9140.0000   2.3511694e-15   3.7242127e-17
       9150.0000   2.4909040e-15   4.3700914e-17
       9160.0000   2.8895936e-15   4.8304079e-17
       9170.0000   2.9426909e-15   4.0825314e-17
       9180.0000   2.8541160e-15   3.9949472e-17
       9190.0000   3.4151030e-15   3.8208260e-17
       9200.0000   3.3468461e-15   3.3750171e-17
       9210.0000   3.1327810e-15   3.1176032e-17
       9220.0000   3.0303251e-15   2.6878038e-17
       9230.0000   2.9951140e-15   2.1541414e-17
       9240.0000   2.9599029e-15   1.6204791e-17
       9250.0000   2.9266304e-15   1.1635565e-17
       9260.0000   2.9106177e-15   1.3898697e-17
       9270.0000   2.8946050e-15   1.6161830e-17
       9280.0000   2.8785924e-15   1.8424962e-17
       9290.0000   2.8767845e-15   1.8340071e-17
       9300.0000   2.8860953e-15   1.6417313e-17
       9310.0000   2.8954060e-15   1.4494554e-17
       9320.0000   2.9047786e-15   1.2580539e-17
       9330.0000   2.9345365e-15   1.3546129e-17
       9340.0000   2.9642945e-15   1.4511719e-17
       9350.0000   2.9940524e-15   1.5477309e-17
       9360.0000   3.0288104e-15   1.7119658e-17
       9370.0000   3.0702234e-15   1.9662759e-17
       9380.0000   3.1116363e-15   2.2205860e-17
       9390.0000   3.1530493e-15   2.4748961e-17
       9400.0000   3.1949938e-15   2.1599685e-17
       9410.0000   3.2370418e-15   1.7341953e-17
       9420.0000   3.2790899e-15   1.3084221e-17
       9430.0000   3.3226914e-15   9.5014984e-18
       9440.0000   3.3715233e-15   8.1913536e-18
       9450.0000   3.4203552e-15   6.8812088e-18
       9460.0000   3.4691871e-15   5.5710640e-18
       9470.0000   3.5151524e-15   5.6051617e-18
       9480.0000   3.5592382e-15   6.5205696e-18
       9490.0000   3.6033241e-15   7.4359776e-18
       9500.0000   3.6474099e-15   8.3513855e-18
       9510.0000   3.6584131e-15   9.2692004e-18
       9520.0000   3.6681447e-15   1.0187108e-17
       9530.0000   3.6778763e-15   1.1105015e-17
       9540.0000   3.6765936e-15   1.1382937e-17
       9550.0000   3.6503370e-15   1.0209763e-17
       9560.0000   3.6240803e-15   9.0365891e-18
       9570.0000   3.5978237e-15   7.8634150e-18
       9580.0000   3.5884485e-15   7.1148238e-18
       9590.0000   3.5888603e-15   6.6123885e-18
       9600.0000   3.5892722e-15   6.1099531e-18
       9610.0000   3.5896841e-15   5.6075178e-18
       9620.0000   3.6000686e-15   5.1283489e-18
       9630.0000   3.6110564e-15   4.6505870e-18
       9640.0000   3.6220441e-15   4.1728252e-18
       9650.0000   3.6419892e-15   4.8288561e-18
       9660.0000   3.6906150e-15   9.1151634e-18
       9670.0000   3.7392409e-15   1.3401471e-17
       9680.0000   3.7878667e-15   1.7687778e-17
       9690.0000   3.8283852e-15   1.8026225e-17
       9700.0000   3.8613591e-15   1.4690719e-17
       9710.0000   3.8943330e-15   1.1355214e-17
       9720.0000   3.9273069e-15   8.0197086e-18
       9730.0000   3.9571403e-15   9.3915796e-18
       9740.0000   3.9860985e-15   1.2075497e-17
       9750.0000   4.0150566e-15   1.4759414e-17
       9760.0000   4.0440723e-15   1.7363573e-17
       9770.0000   4.0748899e-15   1.7471097e-17
       9780.0000   4.1057074e-15   1.7578621e-17
       9790.0000   4.1365250e-15   1.7686145e-17
       9800.0000   4.1592933e-15   1.8660452e-17
       9810.0000   4.1597298e-15   2.2039581e-17
       9820.0000   4.1601663e-15   2.5418710e-17
       9830.0000   4.1606028e-15   2.8797839e-17
       9840.0000   4.1027086e-15   3.2320595e-17
       9850.0000   3.9826232e-15   3.5996486e-17
       9860.0000   3.8625378e-15   3.9672377e-17
       9870.0000   3.7424524e-15   4.3348267e-17
       9880.0000   3.6207527e-15   4.2696867e-17
       9890.0000   3.4983207e-15   4.0082983e-17
       9900.0000   3.3758888e-15   3.7469100e-17
       9910.0000   3.2534569e-15   3.4855216e-17
       9920.0000   3.1517216e-15   3.4441359e-17
       9930.0000   3.0528614e-15   3.4333123e-17
       9940.0000   2.9540012e-15   3.4224887e-17
       9950.0000   2.8594311e-15   3.3867218e-17
       9960.0000   2.8400112e-15   2.9140176e-17
       9970.0000   2.8205913e-15   2.4413135e-17
       9980.0000   2.8011715e-15   1.9686094e-17
       9990.0000   2.7960997e-15   1.5781576e-17
       10000.000   2.8431013e-15   1.4862238e-17
       10010.000   2.8901028e-15   1.3942900e-17
       10020.000   2.9371044e-15   1.3023562e-17
       10030.000   2.9844295e-15   1.3172238e-17
       10040.000   3.0323297e-15   1.5219925e-17
       10050.000   3.0802300e-15   1.7267612e-17
       10060.000   3.1281302e-15   1.9315299e-17
       10070.000   3.1767964e-15   1.9708819e-17
       10080.000   3.2262285e-15   1.8448173e-17
       10090.000   3.2756607e-15   1.7187527e-17
       10100.000   3.3250928e-15   1.5926881e-17
       10110.000   3.3817213e-15   1.5313643e-17
       10120.000   3.4427619e-15   1.5097334e-17
       10130.000   3.5038026e-15   1.4881025e-17
       10140.000   3.5648432e-15   1.4664717e-17
       10150.000   3.5862690e-15   1.6147209e-17
       10160.000   3.5930485e-15   1.8257777e-17
       10170.000   3.5998279e-15   2.0368344e-17
       10180.000   3.6066074e-15   2.2478912e-17
       10190.000   3.6105219e-15   1.9830774e-17
       10200.000   3.6138075e-15   1.6138181e-17
       10210.000   3.6170931e-15   1.2445588e-17
       10220.000   3.6203787e-15   8.7529946e-18
       10230.000   3.6062933e-15   9.3833295e-18
       10240.000   3.5902777e-15   1.0493990e-17
       10250.000   3.5742621e-15   1.1604650e-17
       10260.000   3.5582465e-15   1.2715310e-17
       10270.000   3.5846794e-15   1.3086883e-17
       10280.000   3.6124243e-15   1.3435613e-17
       10290.000   3.6401691e-15   1.3784342e-17
       10300.000   3.6684872e-15   1.4057154e-17
       10310.000   3.7153526e-15   1.1873639e-17
       10320.000   3.7622180e-15   9.6901248e-18
       10330.000   3.8090833e-15   7.5066102e-18
       10340.000   3.8568720e-15   5.5981034e-18
       10350.000   3.9169242e-15   7.3421762e-18
       10360.000   3.9769764e-15   9.0862490e-18
       10370.000   4.0370286e-15   1.0830322e-17
       10380.000   4.0952307e-15   1.2403313e-17
       10390.000   4.1367817e-15   1.2436573e-17
       10400.000   4.1783327e-15   1.2469832e-17
       10410.000   4.2198837e-15   1.2503091e-17
       10420.000   4.2582114e-15   1.2768796e-17
       10430.000   4.2729061e-15   1.4738788e-17
       10440.000   4.2876007e-15   1.6708780e-17
       10450.000   4.3022954e-15   1.8678772e-17
       10460.000   4.3140350e-15   2.0084555e-17
       10470.000   4.3060116e-15   1.7717090e-17
       10480.000   4.2979882e-15   1.5349626e-17
       10490.000   4.2899648e-15   1.2982161e-17
       10500.000   4.2792175e-15   1.0807900e-17
       10510.000   4.2502379e-15   9.9268459e-18
       10520.000   4.2212583e-15   9.0457915e-18
       10530.000   4.1922787e-15   8.1647371e-18
       10540.000   4.1645480e-15   7.3705210e-18
       10550.000   4.1459745e-15   7.2130020e-18
       10560.000   4.1274010e-15   7.0554829e-18
       10570.000   4.1088276e-15   6.8979639e-18
       10580.000   4.0946690e-15   7.0771287e-18
       10590.000   4.1251286e-15   1.0658919e-17
       10600.000   4.1555882e-15   1.4240708e-17
       10610.000   4.1860478e-15   1.7822498e-17
       10620.000   4.2162544e-15   2.1310947e-17
       10630.000   4.2425024e-15   2.3338575e-17
       10640.000   4.2687505e-15   2.5366203e-17
       10650.000   4.2949985e-15   2.7393830e-17
       10660.000   4.3215501e-15   2.9357571e-17
       10670.000   4.3779740e-15   2.5033686e-17
       10680.000   4.4343979e-15   2.0709801e-17
       10690.000   4.4908219e-15   1.6385915e-17
       10700.000   4.5472458e-15   1.2062030e-17
       10710.000   4.6019659e-15   1.3580693e-17
       10720.000   4.6565964e-15   1.5406859e-17
       10730.000   4.7112269e-15   1.7233025e-17
       10740.000   4.7658573e-15   1.9059190e-17
       10750.000   4.7911339e-15   1.8828641e-17
       10760.000   4.8124069e-15   1.8317579e-17
       10770.000   4.8336799e-15   1.7806516e-17
       10780.000   4.8549529e-15   1.7295454e-17
       10790.000   4.8990366e-15   1.5921709e-17
       10800.000   4.9484689e-15   1.4345683e-17
       10810.000   4.9979012e-15   1.2769658e-17
       10820.000   5.0473335e-15   1.1193632e-17
       10830.000   5.0910333e-15   1.4641331e-17
       10840.000   5.1325031e-15   2.0043458e-17
       10850.000   5.1739728e-15   2.5445585e-17
       10860.000   5.2154426e-15   3.0847712e-17
       10870.000   5.2464332e-15   3.0750946e-17
       10880.000   5.2712689e-15   2.7424402e-17
       10890.000   5.2961045e-15   2.4097857e-17
       10900.000   5.3209402e-15   2.0771313e-17
       10910.000   5.3267118e-15   1.8058635e-17
       10920.000   5.3148873e-15   1.5912560e-17
       10930.000   5.3030628e-15   1.3766486e-17
       10940.000   5.2912383e-15   1.1620411e-17
       10950.000   5.2765609e-15   1.0798699e-17
       10960.000   5.2576041e-15   1.1963531e-17
       10970.000   5.2386472e-15   1.3128363e-17
       10980.000   5.2196904e-15   1.4293196e-17
       10990.000   5.2064225e-15   1.4983666e-17
       11000.000   5.2077779e-15   1.4454822e-17
       11010.000   5.2091332e-15   1.3925978e-17
       11020.000   5.2104885e-15   1.3397134e-17
       11030.000   5.2105755e-15   1.3051684e-17
       11040.000   5.2034752e-15   1.3745467e-17
       11050.000   5.1963750e-15   1.4439250e-17
       11060.000   5.1892747e-15   1.5133033e-17
       11070.000   5.1821754e-15   1.5828484e-17
       11080.000   5.1751689e-15   1.6688028e-17
       11090.000   5.1681625e-15   1.7547571e-17
       11100.000   5.1611561e-15   1.8407115e-17
       11110.000   5.1541497e-15   1.9266659e-17
       11120.000   5.1512353e-15   1.7228159e-17
       11130.000   5.1489871e-15   1.4717731e-17
       11140.000   5.1467390e-15   1.2207303e-17
       11150.000   5.1444909e-15   9.6968749e-18
       11160.000   5.1635180e-15   9.4222330e-18
       11170.000   5.1916673e-15   1.0106231e-17
       11180.000   5.2198166e-15   1.0790229e-17
       11190.000   5.2479659e-15   1.1474227e-17
       11200.000   5.2661268e-15   1.2648017e-17
       11210.000   5.2757804e-15   1.4238972e-17
       11220.000   5.2854341e-15   1.5829927e-17
       11230.000   5.2950877e-15   1.7420882e-17
       11240.000   5.3070314e-15   1.9581858e-17
       11250.000   5.3230454e-15   2.2755946e-17
       11260.000   5.3390593e-15   2.5930035e-17
       11270.000   5.3550733e-15   2.9104123e-17
       11280.000   5.3566753e-15   3.0828113e-17
       11290.000   5.2926141e-15   2.5945226e-17
       11300.000   5.2285528e-15   2.1062338e-17
       11310.000   5.1644916e-15   1.6179450e-17
       11320.000   5.1004304e-15   1.1296563e-17
       11330.000   5.0282592e-15   1.1236648e-17
       11340.000   4.9560880e-15   1.1176734e-17
       11350.000   4.8839169e-15   1.1116820e-17
       11360.000   4.8117457e-15   1.1056905e-17
       11370.000   4.7771844e-15   9.7445803e-18
       11380.000   4.7520256e-15   8.1191526e-18
       11390.000   4.7268669e-15   6.4937250e-18
       11400.000   4.7017081e-15   4.8682973e-18
       11410.000   4.7307315e-15   7.0048844e-18
       11420.000   4.7958911e-15   1.1650502e-17
       11430.000   4.8610508e-15   1.6296120e-17
       11440.000   4.9262104e-15   2.0941738e-17
       11450.000   4.9908720e-15   2.5423254e-17
       11460.000   5.0547546e-15   2.9648035e-17
       11470.000   5.1186371e-15   3.3872816e-17
       11480.000   5.1825196e-15   3.8097598e-17
       11490.000   5.2436277e-15   4.0971450e-17
       11500.000   5.2920951e-15   3.7690256e-17
       11510.000   5.3405625e-15   3.4409062e-17
       11520.000   5.3890298e-15   3.1127868e-17
       11530.000   5.4374972e-15   2.7846674e-17
       11540.000   5.4494219e-15   2.6870248e-17
       11550.000   5.4598224e-15   2.5989952e-17
       11560.000   5.4702230e-15   2.5109655e-17
       11570.000   5.4806235e-15   2.4229359e-17
       11580.000   5.4688990e-15   2.0487202e-17
       11590.000   5.4489945e-15   1.5686970e-17
       11600.000   5.4290900e-15   1.0886737e-17
       11610.000   5.4091854e-15   6.0865040e-18
       11620.000   5.3659716e-15   4.4841224e-18
       11630.000   5.2994484e-15   6.0795919e-18
       11640.000   5.2329252e-15   7.6750614e-18
       11650.000   5.1664020e-15   9.2705310e-18
       11660.000   5.1052510e-15   1.0440016e-17
       11670.000   5.0593934e-15   1.0396839e-17
       11680.000   5.0135358e-15   1.0353662e-17
       11690.000   4.9676783e-15   1.0310485e-17
       11700.000   4.9215489e-15   1.0336985e-17
       11710.000   4.8620500e-15   1.3791302e-17
       11720.000   4.8025510e-15   1.7245619e-17
       11730.000   4.7430521e-15   2.0699936e-17
       11740.000   4.6835531e-15   2.4154253e-17
       11750.000   4.6829307e-15   2.2615588e-17
       11760.000   4.6998928e-15   1.9585677e-17
       11770.000   4.7168549e-15   1.6555767e-17
       11780.000   4.7338170e-15   1.3525856e-17
       11790.000   4.7476840e-15   1.1397645e-17
       11800.000   4.7586941e-15   1.0101706e-17
       11810.000   4.7697042e-15   8.8057682e-18
       11820.000   4.7807143e-15   7.5098300e-18
       11830.000   4.8028696e-15   7.0401266e-18
       11840.000   4.8567364e-15   8.9212986e-18
       11850.000   4.9106032e-15   1.0802471e-17
       11860.000   4.9644699e-15   1.2683643e-17
       11870.000   5.0183367e-15   1.4564815e-17
       11880.000   4.9896253e-15   1.4469889e-17
       11890.000   4.9609138e-15   1.4374963e-17
       11900.000   4.9322024e-15   1.4280038e-17
       11910.000   4.9034909e-15   1.4185112e-17
       11920.000   4.8580471e-15   1.4334634e-17
       11930.000   4.8064139e-15   1.4574577e-17
       11940.000   4.7547808e-15   1.4814520e-17
       11950.000   4.7031476e-15   1.5054463e-17
       11960.000   4.6579540e-15   1.4181297e-17
       11970.000   4.6203182e-15   1.2001746e-17
       11980.000   4.5826823e-15   9.8221961e-18
       11990.000   4.5450464e-15   7.6426457e-18
