       3000.0000   5.8421307e-21       0.0000000
       3010.0000   6.2325983e-21       0.0000000
       3020.0000   6.6459496e-21       0.0000000
       3030.0000   7.0833245e-21       0.0000000
       3040.0000   7.5459089e-21       0.0000000
       3050.0000   8.0349355e-21       0.0000000
       3060.0000   8.5516855e-21       0.0000000
       3070.0000   9.0974900e-21       0.0000000
       3080.0000   9.6737311e-21       0.0000000
       3090.0000   1.0281843e-20       0.0000000
       3100.0000   1.0923315e-20       0.0000000
       3110.0000   1.1599690e-20       0.0000000
       3120.0000   1.2312569e-20       0.0000000
       3130.0000   1.3063611e-20       0.0000000
       3140.0000   1.3854533e-20       0.0000000
       3150.0000   1.4687116e-20       0.0000000
       3160.0000   1.5563201e-20       0.0000000
       3170.0000   1.6484695e-20       0.0000000
       3180.0000   1.7453568e-20       0.0000000
       3190.0000   1.8471860e-20       0.0000000
       3200.0000   1.9541677e-20       0.0000000
       3210.0000   2.0665198e-20       0.0000000
       3220.0000   2.1844670e-20       0.0000000
       3230.0000   2.3082417e-20       0.0000000
       3240.0000   2.4380835e-20       0.0000000
       3250.0000   2.5742396e-20       0.0000000
       3260.0000   2.7169653e-20       0.0000000
       3270.0000   2.8665235e-20       0.0000000
       3280.0000   3.0231854e-20       0.0000000
       3290.0000   3.1872303e-20       0.0000000
       3300.0000   3.3589460e-20       0.0000000
       3310.0000   3.5386290e-20       0.0000000
       3320.0000   3.7265842e-20       0.0000000
       3330.0000   3.9231255e-20       0.0000000
       3340.0000   4.1285761e-20       0.0000000
       3350.0000   4.3432680e-20       0.0000000
       3360.0000   4.5675428e-20       0.0000000
       3370.0000   4.8017514e-20       0.0000000
       3380.0000   5.0462545e-20       0.0000000
       3390.0000   5.3014226e-20       0.0000000
       3400.0000   5.5676361e-20       0.0000000
       3410.0000   5.8452855e-20       0.0000000
       3420.0000   6.1347716e-20       0.0000000
       3430.0000   6.4365057e-20       0.0000000
       3440.0000   6.7509093e-20       0.0000000
       3450.0000   7.0784151e-20       0.0000000
       3460.0000   7.4194663e-20       0.0000000
       3470.0000   7.7745172e-20       0.0000000
       3480.0000   8.1440332e-20       0.0000000
       3490.0000   8.5284910e-20       0.0000000
       3500.0000   8.9283789e-20       0.0000000
       3510.0000   9.3441964e-20       0.0000000
       3520.0000   9.7764549e-20       0.0000000
       3530.0000   1.0225678e-19       0.0000000
       3540.0000   1.0692400e-19       0.0000000
       3550.0000   1.1177168e-19       0.0000000
       3560.0000   1.1680543e-19       0.0000000
       3570.0000   1.2203096e-19       0.0000000
       3580.0000   1.2745411e-19       0.0000000
       3590.0000   1.3308084e-19       0.0000000
       3600.0000   1.3891726e-19       0.0000000
       3610.0000   1.4496959e-19       0.0000000
       3620.0000   1.5124418e-19       0.0000000
       3630.0000   1.5774750e-19       0.0000000
       3640.0000   1.6448619e-19       0.0000000
       3650.0000   1.7146698e-19       0.0000000
       3660.0000   1.7869675e-19       0.0000000
       3670.0000   1.8618252e-19       0.0000000
       3680.0000   1.9393144e-19       0.0000000
       3690.0000   2.0195079e-19       0.0000000
       3700.0000   2.1024800e-19       0.0000000
       3710.0000   2.1883063e-19       0.0000000
       3720.0000   2.2770637e-19       0.0000000
       3730.0000   2.3688306e-19       0.0000000
       3740.0000   2.4636870e-19       0.0000000
       3750.0000   2.5617138e-19       0.0000000
       3760.0000   2.6629939e-19       0.0000000
       3770.0000   2.7676111e-19       0.0000000
       3780.0000   2.8756511e-19       0.0000000
       3790.0000   2.9872006e-19       0.0000000
       3800.0000   3.1023480e-19       0.0000000
       3810.0000   3.2211832e-19       0.0000000
       3820.0000   3.3437972e-19       0.0000000
       3830.0000   3.4702829e-19       0.0000000
       3840.0000   3.6007344e-19       0.0000000
       3850.0000   3.7352472e-19       0.0000000
       3860.0000   3.8739184e-19       0.0000000
       3870.0000   4.0168465e-19       0.0000000
       3880.0000   4.1641314e-19       0.0000000
       3890.0000   4.3158748e-19       0.0000000
       3900.0000   4.4721793e-19       0.0000000
       3910.0000   4.6331495e-19       0.0000000
       3920.0000   4.7988912e-19       0.0000000
       3930.0000   4.9695116e-19       0.0000000
       3940.0000   5.1451196e-19       0.0000000
       3950.0000   5.3258254e-19       0.0000000
       3960.0000   5.5117407e-19       0.0000000
       3970.0000   5.7029786e-19       0.0000000
       3980.0000   5.8996539e-19       0.0000000
       3990.0000   6.1018824e-19       0.0000000
       4000.0000   6.3097819e-19       0.0000000
       4010.0000   6.5234713e-19       0.0000000
       4020.0000   6.7430709e-19       0.0000000
       4030.0000   6.9687026e-19       0.0000000
       4040.0000   7.2004898e-19       0.0000000
       4050.0000   7.4385571e-19       0.0000000
       4060.0000   7.6830307e-19       0.0000000
       4070.0000   7.9340381e-19       0.0000000
       4080.0000   8.1917083e-19       0.0000000
       4090.0000   8.4561716e-19       0.0000000
       4100.0000   8.7275599e-19       0.0000000
       4110.0000   9.0060061e-19       0.0000000
       4120.0000   9.2916450e-19       0.0000000
       4130.0000   9.5846122e-19       0.0000000
       4140.0000   9.8850450e-19       0.0000000
       4150.0000   1.0193082e-18       0.0000000
       4160.0000   1.0508863e-18       0.0000000
       4170.0000   1.0832530e-18       0.0000000
       4180.0000   1.1164224e-18       0.0000000
       4190.0000   1.1504091e-18       0.0000000
       4200.0000   1.1852274e-18       0.0000000
       4210.0000   1.2208921e-18       0.0000000
       4220.0000   1.2574178e-18       0.0000000
       4230.0000   1.2948196e-18       0.0000000
       4240.0000   1.3331123e-18       0.0000000
       4250.0000   1.3723112e-18       0.0000000
       4260.0000   1.4124316e-18       0.0000000
       4270.0000   1.4534887e-18       0.0000000
       4280.0000   1.4954981e-18       0.0000000
       4290.0000   1.5384754e-18       0.0000000
       4300.0000   1.5824363e-18       0.0000000
       4310.0000   1.6273967e-18       0.0000000
       4320.0000   1.6733726e-18       0.0000000
       4330.0000   1.7203799e-18       0.0000000
       4340.0000   1.7684348e-18       0.0000000
       4350.0000   1.8175537e-18       0.0000000
       4360.0000   1.8677529e-18       0.0000000
       4370.0000   1.9190489e-18       0.0000000
       4380.0000   1.9714583e-18       0.0000000
       4390.0000   2.0249977e-18       0.0000000
       4400.0000   2.0796839e-18       0.0000000
       4410.0000   2.1355339e-18       0.0000000
       4420.0000   2.1925645e-18       0.0000000
       4430.0000   2.2507928e-18       0.0000000
       4440.0000   2.3102360e-18       0.0000000
       4450.0000   2.3709114e-18       0.0000000
       4460.0000   2.4328361e-18       0.0000000
       4470.0000   2.4960276e-18       0.0000000
       4480.0000   2.5605035e-18       0.0000000
       4490.0000   2.6262811e-18       0.0000000
       4500.0000   2.6933783e-18       0.0000000
       4510.0000   2.7618126e-18       0.0000000
       4520.0000   2.8316019e-18       0.0000000
       4530.0000   2.9027640e-18       0.0000000
       4540.0000   2.9753168e-18       0.0000000
       4550.0000   3.0492783e-18       0.0000000
       4560.0000   3.1246665e-18       0.0000000
       4570.0000   3.2014996e-18       0.0000000
       4580.0000   3.2797956e-18       0.0000000
       4590.0000   3.3595728e-18       0.0000000
       4600.0000   3.4408494e-18       0.0000000
       4610.0000   3.5236438e-18       0.0000000
       4620.0000   3.6079743e-18       0.0000000
       4630.0000   3.6938593e-18       0.0000000
       4640.0000   3.7813173e-18       0.0000000
       4650.0000   3.8703667e-18       0.0000000
       4660.0000   3.9610260e-18       0.0000000
       4670.0000   4.0533139e-18       0.0000000
       4680.0000   4.1472489e-18       0.0000000
       4690.0000   4.2428496e-18       0.0000000
       4700.0000   4.3401347e-18       0.0000000
       4710.0000   4.4391229e-18       0.0000000
       4720.0000   4.5398327e-18       0.0000000
       4730.0000   4.6422830e-18       0.0000000
       4740.0000   4.7464925e-18       0.0000000
       4750.0000   4.8524800e-18       0.0000000
       4760.0000   4.9602640e-18       0.0000000
       4770.0000   5.0698636e-18       0.0000000
       4780.0000   5.1812973e-18       0.0000000
       4790.0000   5.2945840e-18       0.0000000
       4800.0000   5.4097425e-18       0.0000000
       4810.0000   5.5267915e-18       0.0000000
       4820.0000   5.6457498e-18       0.0000000
       4830.0000   5.7666362e-18       0.0000000
       4840.0000   5.8894694e-18       0.0000000
       4850.0000   6.0142681e-18       0.0000000
       4860.0000   6.1410511e-18       0.0000000
       4870.0000   6.2698371e-18       0.0000000
       4880.0000   6.4006448e-18       0.0000000
       4890.0000   6.5334929e-18       0.0000000
       4900.0000   6.6683999e-18       0.0000000
       4910.0000   6.8053846e-18       0.0000000
       4920.0000   6.9444654e-18       0.0000000
       4930.0000   7.0856610e-18       0.0000000
       4940.0000   7.2289899e-18       0.0000000
       4950.0000   7.3744705e-18       0.0000000
       4960.0000   7.5221212e-18       0.0000000
       4970.0000   7.6719606e-18       0.0000000
       4980.0000   7.8240068e-18       0.0000000
       4990.0000   7.9782783e-18       0.0000000
       5000.0000   8.1347932e-18       0.0000000
       5010.0000   8.2935698e-18       0.0000000
       5020.0000   8.4546262e-18       0.0000000
       5030.0000   8.6179805e-18       0.0000000
       5040.0000   8.7836507e-18       0.0000000
       5050.0000   8.9516547e-18       0.0000000
       5060.0000   9.1220105e-18       0.0000000
       5070.0000   9.2947359e-18       0.0000000
       5080.0000   9.4698486e-18       0.0000000
       5090.0000   9.6473663e-18       0.0000000
       5100.0000   9.8273067e-18       0.0000000
       5110.0000   1.0009687e-17       0.0000000
       5120.0000   1.0194525e-17       0.0000000
       5130.0000   1.0381838e-17       0.0000000
       5140.0000   1.0571643e-17       0.0000000
       5150.0000   1.0763958e-17       0.0000000
       5160.0000   1.0958799e-17       0.0000000
       5170.0000   1.1156184e-17       0.0000000
       5180.0000   1.1356129e-17       0.0000000
       5190.0000   1.1558651e-17       0.0000000
       5200.0000   1.1763767e-17       0.0000000
       5210.0000   1.1971494e-17       0.0000000
       5220.0000   1.2181848e-17       0.0000000
       5230.0000   1.2394846e-17       0.0000000
       5240.0000   1.2610503e-17       0.0000000
       5250.0000   1.2828836e-17       0.0000000
       5260.0000   1.3049862e-17       0.0000000
       5270.0000   1.3273595e-17       0.0000000
       5280.0000   1.3500052e-17       0.0000000
       5290.0000   1.3729249e-17       0.0000000
       5300.0000   1.3961202e-17       0.0000000
       5310.0000   1.4195925e-17       0.0000000
       5320.0000   1.4433434e-17       0.0000000
       5330.0000   1.4673744e-17       0.0000000
       5340.0000   1.4916871e-17       0.0000000
       5350.0000   5.5249313e-17   1.4011055e-17
       5360.0000   1.8143386e-17   1.1921494e-17
       5370.0000   2.5108486e-17   1.2740548e-17
       5380.0000   1.4923263e-17   1.2816579e-17
       5390.0000   1.9361327e-17   1.2379599e-17
       5400.0000   1.2592738e-17   1.2195397e-17
       5410.0000   3.7794465e-17   1.3566276e-17
       5420.0000  -1.2216985e-17   1.3351971e-17
       5430.0000   1.1088264e-17   1.3546571e-17
       5440.0000   1.1899204e-17   1.2898839e-17
       5450.0000  -8.6580667e-18   1.2811952e-17
       5460.0000   5.8000432e-18   2.8006334e-17
       5470.0000   4.4765071e-18   1.3069677e-17
       5480.0000   1.6231302e-17   1.4265291e-17
       5490.0000   7.3034764e-18   1.2877836e-17
       5500.0000   1.9693554e-17   1.3700050e-17
       5510.0000   1.6788309e-17   1.4002787e-17
       5520.0000   1.6486264e-17   1.4031771e-17
       5530.0000  -1.0969364e-17   1.2719672e-17
       5540.0000   1.5235318e-17   1.4398207e-17
       5550.0000   1.0215491e-17   1.3213869e-17
       5560.0000   1.4381361e-17   1.4804759e-17
       5570.0000   1.5382338e-17   1.3867586e-17
       5580.0000   1.2799427e-17   1.1743030e-16
       5590.0000   8.9892280e-18   1.4198672e-17
       5600.0000  -5.4310515e-18   1.2895217e-17
       5610.0000   1.1970876e-17   1.3075464e-17
       5620.0000   1.0657575e-17   1.4157836e-17
       5630.0000   3.0672079e-17   1.3199308e-17
       5640.0000  -6.3323955e-18   1.3745883e-17
       5650.0000   5.0230679e-18   1.3996431e-17
       5660.0000   2.1670839e-17   1.3771573e-17
       5670.0000   2.8696014e-17   1.6494960e-17
       5680.0000   2.3667344e-17   1.9385048e-17
       5690.0000   4.6710478e-17   2.2894699e-17
       5700.0000   1.8172704e-17   1.6228092e-17
       5710.0000   2.9299593e-17   1.6119134e-17
       5720.0000   1.5798761e-17   1.5508086e-17
       5730.0000   2.7101881e-17   1.3837159e-17
       5740.0000   8.8269081e-19   1.4784010e-17
       5750.0000   6.4738686e-18   1.4311975e-17
       5760.0000   1.0974965e-17   1.5668099e-17
       5770.0000   4.0032851e-17   1.8943211e-17
       5780.0000   1.1793571e-17   1.5566578e-17
       5790.0000   7.5713851e-18   2.0394117e-17
       5800.0000  -4.4511404e-19   1.6733481e-17
       5810.0000   9.4862289e-18   1.7731173e-17
       5820.0000   2.7892273e-17   1.7326753e-17
       5830.0000   1.1629148e-17   1.7893585e-17
       5840.0000   4.4855305e-17   1.9442121e-17
       5850.0000   3.1907453e-17   2.0033839e-17
       5860.0000   3.3668820e-17   1.9038531e-17
       5870.0000  -1.1868763e-17   1.9768737e-17
       5880.0000  -3.9183915e-18   1.7897847e-17
       5890.0000   5.5794203e-17   6.5151861e-17
       5900.0000  -2.5768884e-18   1.9261923e-17
       5910.0000   4.7581429e-17   1.8753912e-17
       5920.0000   1.8041600e-17   1.8950167e-17
       5930.0000   3.7927841e-17   2.2804954e-17
       5940.0000   3.8540464e-17   1.9214265e-17
       5950.0000   1.7996829e-17   2.2243351e-17
       5960.0000   4.5459996e-17   1.9906312e-17
       5970.0000   4.1316908e-17   2.0186318e-17
       5980.0000   1.8887970e-17   1.8580375e-17
       5990.0000   4.5095978e-17   1.7295216e-17
       6000.0000   2.3074684e-17   1.8232260e-17
       6010.0000   6.7096050e-17   1.6864692e-17
       6020.0000   2.0397123e-17   1.6259173e-17
       6030.0000   1.6738195e-17   1.7459437e-17
       6040.0000   1.8629436e-17   1.6456690e-17
       6050.0000   2.8679200e-17   1.6187929e-17
       6060.0000   5.1563193e-17   1.5517233e-17
       6070.0000   3.8159868e-17   1.4742168e-17
       6080.0000   3.3978424e-17   1.4814403e-17
       6090.0000   2.6404245e-17   1.3836244e-17
       6100.0000   4.8204225e-17   1.4869903e-17
       6110.0000   4.6151536e-17   1.4509778e-17
       6120.0000   5.2423460e-17   1.4730852e-17
       6130.0000   3.8911686e-17   1.4003015e-17
       6140.0000   3.2631770e-17   1.5154822e-17
       6150.0000   4.6710552e-17   1.4547613e-17
       6160.0000   2.7742513e-17   1.6089476e-17
       6170.0000   6.7318304e-19   1.4939081e-17
       6180.0000   3.7853516e-17   1.2953321e-17
       6190.0000   4.2808264e-17   1.4111771e-17
       6200.0000   3.5288172e-17   1.4547218e-17
       6210.0000   2.2569449e-17   1.3203206e-17
       6220.0000   2.3177210e-17   1.5591765e-17
       6230.0000   4.4363067e-17   1.2842507e-17
       6240.0000   3.3822745e-17   1.4493385e-17
       6250.0000   5.1620773e-17   1.1981951e-17
       6260.0000   5.0958606e-17   1.4361327e-17
       6270.0000   2.7295876e-17   1.1841854e-17
       6280.0000   6.5182236e-17   1.3913772e-17
       6290.0000   4.2474143e-17   1.2324132e-17
       6300.0000   1.3847243e-17   5.0395976e-17
       6310.0000   6.4070120e-17   1.2119073e-17
       6320.0000   3.9994690e-17   1.2831110e-17
       6330.0000   5.1726549e-17   1.3532297e-17
       6340.0000   3.9920381e-17   1.0038003e-17
       6350.0000   5.2005961e-17   1.0895662e-17
       6360.0000   3.7690554e-17   1.6733887e-17
       6370.0000   5.8380178e-17   9.7634918e-18
       6380.0000   4.4933493e-17   1.0732835e-17
       6390.0000   5.2604587e-17   9.8204725e-18
       6400.0000   5.6065905e-17   9.1749961e-18
       6410.0000   6.2600270e-17   9.5562334e-18
       6420.0000   6.7213471e-17   9.9699218e-18
       6430.0000   4.6735922e-17   9.0009922e-18
       6440.0000   5.7622937e-17   8.7426017e-18
       6450.0000   5.5603261e-17   9.6584805e-18
       6460.0000   5.1407144e-17   1.0593781e-17
       6470.0000   7.0295957e-17   1.1734014e-17
       6480.0000   6.2004702e-17   9.3858555e-18
       6490.0000   5.6101134e-17   8.6516006e-18
       6500.0000   5.7146332e-17   1.2341326e-17
       6510.0000   7.7962499e-17   9.1645553e-18
       6520.0000   8.3634136e-17   1.0165959e-17
       6530.0000   7.9542398e-17   1.3112548e-17
       6540.0000   9.7907615e-17   1.0078497e-17
       6550.0000   7.2809564e-17   1.2098529e-17
       6560.0000   1.1082003e-16   1.4049199e-17
       6570.0000   1.0452731e-16   9.8310100e-18
       6580.0000   8.1720273e-17   1.0337951e-17
       6590.0000   1.0215124e-16   9.5303934e-18
       6600.0000   9.9820758e-17   9.7855161e-18
       6610.0000   1.0889036e-16   9.4674097e-18
       6620.0000   1.0796826e-16   8.9457617e-18
       6630.0000   1.1306548e-16   9.1927915e-18
       6640.0000   1.0891817e-16   8.6641429e-18
       6650.0000   1.3091526e-16   8.6915493e-18
       6660.0000   1.0950973e-16   8.8622210e-18
       6670.0000   1.3027934e-16   8.6746734e-18
       6680.0000   1.0397728e-16   8.5517104e-18
       6690.0000   1.2873406e-16   8.8142534e-18
       6700.0000   1.3707248e-16   8.6537264e-18
       6710.0000   1.2868644e-16   8.8872204e-18
       6720.0000   1.2820818e-16   8.1257341e-18
       6730.0000   1.3193718e-16   8.6171318e-18
       6740.0000   1.2487609e-16   8.7672187e-18
       6750.0000   1.3189344e-16   8.5727738e-18
       6760.0000   1.4775782e-16   8.5245397e-18
       6770.0000   1.2524496e-16   8.2049615e-18
       6780.0000   1.3565229e-16   8.5067492e-18
       6790.0000   1.2589420e-16   8.3894990e-18
       6800.0000   1.1853848e-16   8.3042340e-18
       6810.0000   1.2857377e-16   8.3915566e-18
       6820.0000   1.2357329e-16   8.8186353e-18
       6830.0000   1.4979239e-16   1.6062514e-17
       6840.0000   1.1628644e-16   1.0528580e-17
       6850.0000   1.1142614e-16   8.9473783e-18
       6860.0000   1.0637105e-16   1.6939265e-17
       6870.0000   1.2485997e-16   1.3652647e-17
       6880.0000   1.0956723e-16   1.0382748e-17
       6890.0000   1.1901464e-16   1.0848957e-17
       6900.0000   9.6317130e-17   1.2213534e-17
       6910.0000   1.5468315e-16   1.2357139e-17
       6920.0000   1.2026259e-16   1.4957369e-17
       6930.0000   1.3363397e-16   8.5944430e-18
       6940.0000   1.3742238e-16   1.0901012e-17
       6950.0000   1.3948200e-16   1.3504121e-17
       6960.0000   1.1473499e-16   8.7609461e-18
       6970.0000   1.3314649e-16   1.0235663e-17
       6980.0000   1.4471899e-16   1.1349056e-17
       6990.0000   1.7084031e-16   8.9360531e-18
       7000.0000   1.5093530e-16   9.1494112e-18
       7010.0000   1.5088775e-16   1.0348059e-17
       7020.0000   1.8049721e-16   8.8244607e-18
       7030.0000   2.0067226e-16   8.6102872e-18
       7040.0000   2.1547984e-16   9.6462640e-18
       7050.0000   1.9037594e-16   1.0094031e-17
       7060.0000   1.9891674e-16   8.7059278e-18
       7070.0000   2.2550016e-16   9.1095894e-18
       7080.0000   2.1910771e-16   9.4982533e-18
       7090.0000   1.9651111e-16   9.2597230e-18
       7100.0000   2.0372679e-16   8.7262771e-18
       7110.0000   2.0995029e-16   7.9990532e-18
       7120.0000   1.9564502e-16   7.8974912e-18
       7130.0000   1.8626782e-16   9.2534013e-18
       7140.0000   2.1332221e-16   9.7499173e-18
       7150.0000   2.3983962e-16   8.8898127e-18
       7160.0000   2.2847750e-16   9.0595086e-18
       7170.0000   2.1724502e-16   9.2443025e-18
       7180.0000   2.8063818e-16   9.6450555e-18
       7190.0000   2.3965802e-16   8.9714715e-18
       7200.0000   2.6361836e-16   9.6946116e-18
       7210.0000   2.2940345e-16   9.0085459e-18
       7220.0000   2.7038247e-16   9.7751764e-18
       7230.0000   2.6094792e-16   9.6745515e-18
       7240.0000   2.9937813e-16   2.7769419e-17
       7250.0000   2.9328628e-16   1.3390350e-17
       7260.0000   3.0296161e-16   1.0404564e-17
       7270.0000   2.8754750e-16   1.3046798e-17
       7280.0000   3.1338427e-16   1.8167496e-17
       7290.0000   2.8365860e-16   1.1062720e-17
       7300.0000   2.9129151e-16   1.2711316e-17
       7310.0000   3.5541212e-16   1.1436856e-17
       7320.0000   3.4378728e-16   1.3655650e-17
       7330.0000   2.9058400e-16   1.5294690e-17
       7340.0000   3.6427492e-16   2.9631129e-17
       7350.0000   3.5174873e-16   1.1021535e-17
       7360.0000   3.3483249e-16   1.4835361e-17
       7370.0000   3.7309530e-16   2.0937397e-17
       7380.0000   3.3347563e-16   1.0503275e-17
       7390.0000   3.5340208e-16   1.4678728e-17
       7400.0000   3.2594192e-16   2.0230872e-17
       7410.0000   3.2689246e-16   9.9994026e-18
       7420.0000   3.2647922e-16   1.0258803e-17
       7430.0000   3.2803157e-16   1.2217917e-17
       7440.0000   3.2136513e-16   1.2660083e-17
       7450.0000   3.0607077e-16   9.5370653e-18
       7460.0000   3.0795533e-16   1.0047718e-17
       7470.0000   3.3435155e-16   1.3868300e-17
       7480.0000   3.5333164e-16   1.5044885e-17
       7490.0000   3.0688716e-16   1.0140132e-17
       7500.0000   3.4981546e-16   9.7222523e-18
       7510.0000   3.5170547e-16   9.5636551e-18
       7520.0000   3.3896903e-16   1.7752420e-17
       7530.0000   3.1329827e-16   1.2619670e-17
       7540.0000   3.2193719e-16   1.0541743e-17
       7550.0000   3.3762214e-16   9.7287842e-18
       7560.0000   3.2720727e-16   1.1298167e-17
       7570.0000   3.5927581e-16   1.8923361e-17
       7580.0000   3.2002788e-16   9.6843995e-18
       7590.0000   3.1874639e-16   1.0478927e-17
       7600.0000   3.3595259e-16   3.7640390e-17
       7610.0000   2.5379942e-16   2.7188445e-17
       7620.0000   2.3261040e-16   1.5536053e-17
       7630.0000   1.6682416e-16   2.2161112e-17
       7640.0000   1.7452124e-16   1.4661461e-17
       7650.0000   7.9140512e-17   1.2745396e-17
       7660.0000   6.5655482e-17   1.2864601e-17
       7670.0000   6.1508523e-17   9.4998135e-18
       7680.0000   1.0467873e-16   1.0021870e-17
       7690.0000   1.1846066e-16   1.0483214e-17
       7700.0000   5.3797772e-17   1.1120752e-17
       7710.0000   1.6086954e-16   3.2354327e-17
       7720.0000   1.9820143e-16   1.8082456e-17
       7730.0000   2.2538045e-16   1.1078996e-17
       7740.0000   2.5906421e-16   1.0893314e-17
       7750.0000   4.0014636e-16   3.8930721e-17
       7760.0000   2.9886784e-16   2.0069656e-17
       7770.0000   3.1913932e-16   1.3205722e-17
       7780.0000   3.2382587e-16   1.5949805e-17
       7790.0000   3.3262358e-16   3.0508723e-17
       7800.0000   1.6327407e-16   1.0309611e-17
       7810.0000   3.5094597e-16   1.6941727e-17
       7820.0000   3.5288206e-16   4.5992095e-17
       7830.0000   3.5291361e-16   1.1578953e-17
       7840.0000   3.8650486e-16   1.9639905e-17
       7850.0000   4.0129620e-16   4.6162623e-17
       7860.0000   4.4450304e-16   2.1213180e-17
       7870.0000   4.1168631e-16   2.3319760e-17
       7880.0000   4.4854318e-16   1.9552007e-17
       7890.0000   4.2966322e-16   2.3717228e-17
       7900.0000   3.8340830e-16   1.1932593e-17
       7910.0000   3.5570958e-16   5.4422860e-17
       7920.0000   4.2291966e-16   2.6236449e-17
       7930.0000   4.6656973e-16   2.1099412e-17
       7940.0000   4.4513733e-16   1.2584350e-17
       7950.0000   3.1817831e-16   1.7394541e-17
       7960.0000   4.4584225e-16   3.2100313e-17
       7970.0000   4.7779931e-16   1.4608896e-17
       7980.0000   4.7252828e-16   2.0108785e-17
       7990.0000   4.3569595e-16   4.1111791e-17
       8000.0000   5.0881896e-16   1.3583819e-17
       8010.0000   4.9267147e-16   1.6344032e-17
       8020.0000   4.9547086e-16   1.6492512e-17
       8030.0000   6.0714057e-16   1.6789066e-17
       8040.0000   5.3385695e-16   1.2921715e-17
       8050.0000   5.5159530e-16   1.7129683e-17
       8060.0000   6.3863961e-16   2.3899764e-17
       8070.0000   6.0021080e-16   1.3282174e-17
       8080.0000   6.6449813e-16   1.3504627e-17
       8090.0000   6.7446878e-16   1.4091455e-17
       8100.0000   6.4982662e-16   1.6940267e-17
       8110.0000   7.7309858e-16   1.4161272e-17
       8120.0000   7.7277538e-16   1.4483030e-17
       8130.0000   7.8703322e-16   1.5054129e-17
       8140.0000   8.0398313e-16   1.5435743e-17
       8150.0000   7.4136964e-16   1.5347845e-17
       8160.0000   7.9222914e-16   1.5470255e-17
       8170.0000   8.8692500e-16   1.6296105e-17
       8180.0000   7.0160621e-16   1.7020182e-17
       8190.0000   8.0870893e-16   1.8519770e-17
       8200.0000   7.7811036e-16   1.6933966e-17
       8210.0000   8.5692616e-16   1.5809577e-17
       8220.0000   9.0988163e-16   1.5914963e-17
       8230.0000   9.3902944e-16   1.7718974e-17
       8240.0000   9.3955186e-16   1.6310447e-17
       8250.0000   9.2921950e-16   1.6082986e-17
       8260.0000   9.4428205e-16   1.6528114e-17
       8270.0000   9.2704781e-16   1.6350498e-17
       8280.0000   9.2606656e-16   3.3358585e-17
       8290.0000   9.0068485e-16   2.9087246e-17
       8300.0000   8.9821400e-16   3.2172151e-17
       8310.0000   8.9479121e-16   2.2111919e-17
       8320.0000   9.6661611e-16   1.8197991e-17
       8330.0000   9.2231591e-16   1.6554543e-17
       8340.0000   9.9281037e-16   8.4609547e-17
       8350.0000   1.0050357e-15   4.0269416e-17
       8360.0000   9.8892986e-16   2.0774639e-17
       8370.0000   9.8676863e-16   1.7579994e-17
       8380.0000   1.0016438e-15   2.9784647e-17
       8390.0000   9.2645844e-16   1.7332912e-17
       8400.0000   1.0134986e-15   4.7570890e-17
       8410.0000   1.0137484e-15   2.1629860e-17
       8420.0000   9.9437379e-16   1.8530600e-17
       8430.0000   1.0312389e-15   5.8782332e-17
       8440.0000   8.8497930e-16   1.6967475e-17
       8450.0000   8.1135697e-16   3.1211080e-17
       8460.0000   8.2650394e-16   3.8557687e-17
       8470.0000   8.5024572e-16   2.0737634e-17
       8480.0000   7.7848535e-16   1.6585753e-17
       8490.0000   8.7396516e-16   2.3098542e-17
       8500.0000   8.1092859e-16   2.4918764e-17
       8510.0000   8.2623735e-16   1.8791030e-17
       8520.0000   6.1914605e-16   1.6387737e-17
       8530.0000   8.7707109e-16   1.7786497e-17
       8540.0000   8.6076518e-16   2.0810649e-17
       8550.0000   9.8741372e-16   2.4460591e-17
       8560.0000   8.7857465e-16   1.8191569e-17
       8570.0000   9.3775491e-16   1.8241554e-17
       8580.0000   9.6869826e-16   1.8565119e-17
       8590.0000   9.1990524e-16   2.0429273e-17
       8600.0000   9.6818987e-16   2.0137412e-17
       8610.0000   8.3364326e-16   2.0253084e-17
       8620.0000   7.2597690e-16   3.1414514e-17
       8630.0000   6.3186528e-16   4.0578214e-17
       8640.0000   7.0450937e-16   2.6358711e-17
       8650.0000   7.6178187e-16   3.4412655e-17
       8660.0000   8.4699951e-16   3.8007663e-17
       8670.0000   8.1371229e-16   3.2930388e-17
       8680.0000   8.4719788e-16   2.6259634e-17
       8690.0000   7.4006954e-16   2.1850657e-17
       8700.0000   6.3104141e-16   2.1064256e-17
       8710.0000   6.1799699e-16   1.9858085e-17
       8720.0000   6.4816230e-16   1.9547146e-17
       8730.0000   7.0933571e-16   1.9678536e-17
       8740.0000   7.6359460e-16   2.0567636e-17
       8750.0000   7.0341425e-16   2.0981658e-17
       8760.0000   8.2019715e-16   5.0645663e-17
       8770.0000   8.3051317e-16   4.2316753e-17
       8780.0000   8.4495852e-16   4.4753451e-17
       8790.0000   8.6932739e-16   3.3596647e-17
       8800.0000   8.1874245e-16   2.1645324e-17
       8810.0000   9.3498891e-16   2.3524861e-17
       8820.0000   1.0115297e-15   3.0186671e-17
       8830.0000   1.1974741e-15   6.4479579e-17
       8840.0000   1.1099716e-15   3.0288220e-17
       8850.0000   1.0160994e-15   3.1651024e-17
       8860.0000   9.0918663e-16   2.3779559e-17
       8870.0000   8.3716104e-16   3.2677496e-17
       8880.0000   1.0544996e-15   4.1753187e-17
       8890.0000   1.1468915e-15   3.5259167e-17
       8900.0000   1.0852924e-15   4.6448238e-17
       8910.0000   9.7607292e-16   2.4383011e-17
       8920.0000   1.3811457e-15   9.0106007e-17
       8930.0000   1.0977095e-15   2.5201702e-17
       8940.0000   9.4441971e-16   3.8190865e-17
       8950.0000   1.0290670e-15   2.4637313e-17
       8960.0000   1.1211914e-15   5.8430789e-17
       8970.0000   1.1387763e-15   2.6323309e-17
       8980.0000   1.1102147e-15   2.7888423e-17
       8990.0000   1.1468700e-15   4.2101275e-17
       9000.0000   1.1393349e-15   5.8319395e-17
       9010.0000   1.1898306e-15   2.6900220e-17
       9020.0000   1.0859258e-15   2.6302016e-17
       9030.0000   1.2073464e-15   2.6730364e-17
       9040.0000   1.3521732e-15   3.1038662e-17
       9050.0000   1.3448327e-15   3.8799161e-17
       9060.0000   1.1046113e-15   2.6996064e-17
       9070.0000   1.2570313e-15   3.0081231e-17
       9080.0000   1.3313295e-15   2.9497345e-17
       9090.0000   1.3407522e-15   3.1853742e-17
       9100.0000   1.4556830e-15   3.6182936e-17
       9110.0000   1.5124260e-15   2.9545121e-17
       9120.0000   1.5644125e-15   3.1665662e-17
       9130.0000   1.6204111e-15   3.2344420e-17
       9140.0000   1.3297940e-15   3.0839458e-17
       9150.0000   1.3707604e-15   3.2144845e-17
       9160.0000   1.6715108e-15   3.5690723e-17
       9170.0000   1.7131529e-15   3.3028367e-17
       9180.0000   1.6585881e-15   3.2497927e-17
       9190.0000   1.9519585e-15   3.0774265e-17
       9200.0000   1.8727815e-15   1.4649814e-17
       9210.0000   1.8130252e-15   2.0909373e-17
       9220.0000   1.7532690e-15   2.7168933e-17
       9230.0000   1.7206037e-15   3.0325331e-17
       9240.0000   1.7121533e-15   3.0707996e-17
       9250.0000   1.7037029e-15   3.1090661e-17
       9260.0000   1.6952526e-15   3.1473326e-17
       9270.0000   1.6993171e-15   3.1736360e-17
       9280.0000   1.7033817e-15   3.1999394e-17
       9290.0000   1.7074463e-15   3.2262428e-17
       9300.0000   1.7115550e-15   3.2644583e-17
       9310.0000   1.7157168e-15   3.3169996e-17
       9320.0000   1.7198786e-15   3.3695409e-17
       9330.0000   1.7240404e-15   3.4220822e-17
       9340.0000   1.7244128e-15   3.4615189e-17
       9350.0000   1.7243217e-15   3.4993527e-17
       9360.0000   1.7242306e-15   3.5371865e-17
       9370.0000   1.7385116e-15   3.5624258e-17
       9380.0000   1.7844833e-15   3.5598941e-17
       9390.0000   1.8304551e-15   3.5573624e-17
       9400.0000   1.8764268e-15   3.5548307e-17
       9410.0000   1.9083045e-15   3.5234018e-17
       9420.0000   1.9345627e-15   3.4804512e-17
       9430.0000   1.9608208e-15   3.4375005e-17
       9440.0000   1.9883768e-15   3.3973830e-17
       9450.0000   2.0273651e-15   3.3822205e-17
       9460.0000   2.0663533e-15   3.3670581e-17
       9470.0000   2.1053415e-15   3.3518956e-17
       9480.0000   2.1281861e-15   3.3267559e-17
       9490.0000   2.1329698e-15   3.2904539e-17
       9500.0000   2.1377534e-15   3.2541520e-17
       9510.0000   2.1425371e-15   3.2178500e-17
       9520.0000   2.1333496e-15   3.1720146e-17
       9530.0000   2.1212185e-15   3.1241705e-17
       9540.0000   2.1090874e-15   3.0763265e-17
       9550.0000   2.1009565e-15   3.0332441e-17
       9560.0000   2.1133687e-15   3.0146144e-17
       9570.0000   2.1257808e-15   2.9959847e-17
       9580.0000   2.1381929e-15   2.9773550e-17
       9590.0000   2.1414034e-15   2.9563255e-17
       9600.0000   2.1348453e-15   2.9327484e-17
       9610.0000   2.1282873e-15   2.9091714e-17
       9620.0000   2.1217292e-15   2.8855943e-17
       9630.0000   2.1237973e-15   2.8668030e-17
       9640.0000   2.1281445e-15   2.8492760e-17
       9650.0000   2.1324916e-15   2.8317490e-17
       9660.0000   2.1384230e-15   2.8159723e-17
       9670.0000   2.1623401e-15   2.8200646e-17
       9680.0000   2.1862572e-15   2.8241569e-17
       9690.0000   2.2101743e-15   2.8282492e-17
       9700.0000   2.2348911e-15   2.8121795e-17
       9710.0000   2.2610548e-15   2.7596299e-17
       9720.0000   2.2872185e-15   2.7070803e-17
       9730.0000   2.3133823e-15   2.6545308e-17
       9740.0000   2.3336486e-15   2.6289339e-17
       9750.0000   2.3502237e-15   2.6202070e-17
       9760.0000   2.3667987e-15   2.6114801e-17
       9770.0000   2.3833738e-15   2.6027532e-17
       9780.0000   2.4079552e-15   2.5979678e-17
       9790.0000   2.4338510e-15   2.5938295e-17
       9800.0000   2.4597468e-15   2.5896912e-17
       9810.0000   2.4805039e-15   2.5840745e-17
       9820.0000   2.4479963e-15   2.5631336e-17
       9830.0000   2.4154888e-15   2.5421926e-17
       9840.0000   2.3829812e-15   2.5212517e-17
       9850.0000   2.3429797e-15   2.5021912e-17
       9860.0000   2.2857418e-15   2.4874556e-17
       9870.0000   2.2285038e-15   2.4727201e-17
       9880.0000   2.1712659e-15   2.4579845e-17
       9890.0000   2.1082182e-15   2.4488475e-17
       9900.0000   2.0394307e-15   2.4452417e-17
       9910.0000   1.9706432e-15   2.4416359e-17
       9920.0000   1.9018557e-15   2.4380301e-17
       9930.0000   1.8536964e-15   2.4367677e-17
       9940.0000   1.8148923e-15   2.4365682e-17
       9950.0000   1.7760883e-15   2.4363686e-17
       9960.0000   1.7372842e-15   2.4361690e-17
       9970.0000   1.7334953e-15   2.4255248e-17
       9980.0000   1.7354083e-15   2.4131797e-17
       9990.0000   1.7373213e-15   2.4008346e-17
       10000.000   1.7397693e-15   2.3882239e-17
       10010.000   1.7731629e-15   2.3602498e-17
       10020.000   1.8065566e-15   2.3322756e-17
       10030.000   1.8399503e-15   2.3043014e-17
       10040.000   1.8770828e-15   2.2819701e-17
       10050.000   1.9338356e-15   2.2892514e-17
       10060.000   1.9905884e-15   2.2965326e-17
       10070.000   2.0473412e-15   2.3038138e-17
       10080.000   2.0971721e-15   2.3126988e-17
       10090.000   2.1300592e-15   2.3255094e-17
       10100.000   2.1629463e-15   2.3383201e-17
       10110.000   2.1958335e-15   2.3511307e-17
       10120.000   2.2236065e-15   2.3638103e-17
       10130.000   2.2440191e-15   2.3763013e-17
       10140.000   2.2644316e-15   2.3887923e-17
       10150.000   2.2848442e-15   2.4012833e-17
       10160.000   2.2757319e-15   2.3996649e-17
       10170.000   2.2382481e-15   2.3844882e-17
       10180.000   2.2007643e-15   2.3693115e-17
       10190.000   2.1632805e-15   2.3541348e-17
       10200.000   2.1592903e-15   2.3465908e-17
       10210.000   2.1776290e-15   2.3441354e-17
       10220.000   2.1959678e-15   2.3416799e-17
       10230.000   2.2143066e-15   2.3392245e-17
       10240.000   2.2195460e-15   2.3325937e-17
       10250.000   2.2186233e-15   2.3239989e-17
       10260.000   2.2177006e-15   2.3154040e-17
       10270.000   2.2167778e-15   2.3068091e-17
       10280.000   2.2439928e-15   2.3053776e-17
       10290.000   2.2810919e-15   2.3064624e-17
       10300.000   2.3181910e-15   2.3075472e-17
       10310.000   2.3552902e-15   2.3086320e-17
       10320.000   2.3874454e-15   2.3062299e-17
       10330.000   2.4183638e-15   2.3029556e-17
       10340.000   2.4492823e-15   2.2996813e-17
       10350.000   2.4802007e-15   2.2964070e-17
       10360.000   2.4883162e-15   2.2875780e-17
       10370.000   2.4920895e-15   2.2776912e-17
       10380.000   2.4958628e-15   2.2678044e-17
       10390.000   2.4996361e-15   2.2579177e-17
       10400.000   2.5372228e-15   2.2664406e-17
       10410.000   2.5798613e-15   2.2777139e-17
       10420.000   2.6224997e-15   2.2889872e-17
       10430.000   2.6651382e-15   2.3002605e-17
       10440.000   2.6685033e-15   2.2760847e-17
       10450.000   2.6665119e-15   2.2470741e-17
       10460.000   2.6645205e-15   2.2180634e-17
       10470.000   2.6625291e-15   2.1890527e-17
       10480.000   2.6522650e-15   2.1642112e-17
       10490.000   2.6409789e-15   2.1398848e-17
       10500.000   2.6296928e-15   2.1155584e-17
       10510.000   2.6184067e-15   2.0912319e-17
       10520.000   2.6071647e-15   2.0638984e-17
       10530.000   2.5959288e-15   2.0361547e-17
       10540.000   2.5846929e-15   2.0084111e-17
       10550.000   2.5734570e-15   1.9806674e-17
       10560.000   2.5790688e-15   1.9616806e-17
       10570.000   2.5874242e-15   1.9441198e-17
       10580.000   2.5957796e-15   1.9265590e-17
       10590.000   2.6041349e-15   1.9089982e-17
       10600.000   2.6142657e-15   1.9093028e-17
       10610.000   2.6247601e-15   1.9132671e-17
       10620.000   2.6352545e-15   1.9172315e-17
       10630.000   2.6457490e-15   1.9211958e-17
       10640.000   2.6715565e-15   1.9442804e-17
       10650.000   2.7011924e-15   1.9721452e-17
       10660.000   2.7308282e-15   2.0000099e-17
       10670.000   2.7604641e-15   2.0278747e-17
       10680.000   2.7952105e-15   2.0424001e-17
       10690.000   2.8316605e-15   2.0524790e-17
       10700.000   2.8681105e-15   2.0625579e-17
       10710.000   2.9045606e-15   2.0726368e-17
       10720.000   2.9374258e-15   2.0900583e-17
       10730.000   2.9686802e-15   2.1107797e-17
       10740.000   2.9999345e-15   2.1315011e-17
       10750.000   3.0311888e-15   2.1522224e-17
       10760.000   3.0700475e-15   2.1674372e-17
       10770.000   3.1135667e-15   2.1792773e-17
       10780.000   3.1570858e-15   2.1911174e-17
       10790.000   3.2006049e-15   2.2029575e-17
       10800.000   3.2370936e-15   2.2059753e-17
       10810.000   3.2675922e-15   2.2014761e-17
       10820.000   3.2980907e-15   2.1969769e-17
       10830.000   3.3285892e-15   2.1924777e-17
       10840.000   3.3646018e-15   2.1981517e-17
       10850.000   3.4073538e-15   2.2162595e-17
       10860.000   3.4501057e-15   2.2343672e-17
       10870.000   3.4928577e-15   2.2524750e-17
       10880.000   3.5278212e-15   2.2635391e-17
       10890.000   3.5483267e-15   2.2615277e-17
       10900.000   3.5688321e-15   2.2595162e-17
       10910.000   3.5893376e-15   2.2575048e-17
       10920.000   3.6070665e-15   2.2551028e-17
       10930.000   3.6160004e-15   2.2514636e-17
       10940.000   3.6249342e-15   2.2478244e-17
       10950.000   3.6338680e-15   2.2441851e-17
       10960.000   3.6422986e-15   2.2413492e-17
       10970.000   3.6470365e-15   2.2444087e-17
       10980.000   3.6517743e-15   2.2474682e-17
       10990.000   3.6565122e-15   2.2505276e-17
       11000.000   3.6612500e-15   2.2535871e-17
       11010.000   3.6347998e-15   2.2250902e-17
       11020.000   3.6080327e-15   2.1962727e-17
       11030.000   3.5812656e-15   2.1674552e-17
       11040.000   3.5544986e-15   2.1386377e-17
       11050.000   3.5352823e-15   2.1245005e-17
       11060.000   3.5172957e-15   2.1127540e-17
       11070.000   3.4993090e-15   2.1010074e-17
       11080.000   3.4813224e-15   2.0892609e-17
       11090.000   3.4827190e-15   2.1271470e-17
       11100.000   3.4916529e-15   2.1843329e-17
       11110.000   3.5005868e-15   2.2415188e-17
       11120.000   3.5095206e-15   2.2987046e-17
       11130.000   3.5059367e-15   2.2981332e-17
       11140.000   3.4929103e-15   2.2539939e-17
       11150.000   3.4798839e-15   2.2098546e-17
       11160.000   3.4668574e-15   2.1657154e-17
       11170.000   3.4767335e-15   2.1494789e-17
       11180.000   3.5195720e-15   2.1734018e-17
       11190.000   3.5624104e-15   2.1973247e-17
       11200.000   3.6052489e-15   2.2212476e-17
       11210.000   3.6378392e-15   2.2501436e-17
       11220.000   3.6379834e-15   2.2947842e-17
       11230.000   3.6381277e-15   2.3394247e-17
       11240.000   3.6382719e-15   2.3840653e-17
       11250.000   3.6374370e-15   2.4263599e-17
       11260.000   3.6212510e-15   2.4318745e-17
       11270.000   3.6050651e-15   2.4373891e-17
       11280.000   3.5888791e-15   2.4429038e-17
       11290.000   3.5726931e-15   2.4484184e-17
       11300.000   3.5359004e-15   2.4316431e-17
       11310.000   3.4962972e-15   2.4118276e-17
       11320.000   3.4566940e-15   2.3920121e-17
       11330.000   3.4170908e-15   2.3721966e-17
       11340.000   3.3950374e-15   2.3702145e-17
       11350.000   3.3808673e-15   2.3762431e-17
       11360.000   3.3666972e-15   2.3822717e-17
       11370.000   3.3525271e-15   2.3883002e-17
       11380.000   3.3488658e-15   2.4415494e-17
       11390.000   3.3561405e-15   2.5439390e-17
       11400.000   3.3634152e-15   2.6463285e-17
       11410.000   3.3706899e-15   2.7487180e-17
       11420.000   3.3845649e-15   2.8146109e-17
       11430.000   3.4146034e-15   2.7911245e-17
       11440.000   3.4446420e-15   2.7676381e-17
       11450.000   3.4746806e-15   2.7441517e-17
       11460.000   3.5070628e-15   2.7310429e-17
       11470.000   3.5664034e-15   2.8373085e-17
       11480.000   3.6257440e-15   2.9435742e-17
       11490.000   3.6850846e-15   3.0498398e-17
       11500.000   3.7444252e-15   3.1561054e-17
       11510.000   3.7541355e-15   3.0724491e-17
       11520.000   3.7564246e-15   2.9603940e-17
       11530.000   3.7587138e-15   2.8483389e-17
       11540.000   3.7610030e-15   2.7362838e-17
       11550.000   3.7613596e-15   2.6078813e-17
       11560.000   3.7606289e-15   2.4702812e-17
       11570.000   3.7598982e-15   2.3326810e-17
       11580.000   3.7591675e-15   2.1950808e-17
       11590.000   3.7522675e-15   2.0971832e-17
       11600.000   3.7364918e-15   2.0564047e-17
       11610.000   3.7207161e-15   2.0156262e-17
       11620.000   3.7049404e-15   1.9748477e-17
       11630.000   3.6876973e-15   1.9372955e-17
       11640.000   3.6637687e-15   1.9144423e-17
       11650.000   3.6398400e-15   1.8915891e-17
       11660.000   3.6159114e-15   1.8687359e-17
       11670.000   3.5919827e-15   1.8458828e-17
       11680.000   3.5583737e-15   1.8181325e-17
       11690.000   3.5241461e-15   1.7900693e-17
       11700.000   3.4899185e-15   1.7620061e-17
       11710.000   3.4556910e-15   1.7339430e-17
       11720.000   3.4390369e-15   1.7240619e-17
       11730.000   3.4299179e-15   1.7219769e-17
       11740.000   3.4207989e-15   1.7198918e-17
       11750.000   3.4116799e-15   1.7178068e-17
       11760.000   3.4095302e-15   1.7033761e-17
       11770.000   3.4158984e-15   1.6738564e-17
       11780.000   3.4222666e-15   1.6443368e-17
       11790.000   3.4286348e-15   1.6148171e-17
       11800.000   3.4362729e-15   1.5943138e-17
       11810.000   3.4493273e-15   1.6122634e-17
       11820.000   3.4623816e-15   1.6302129e-17
       11830.000   3.4754359e-15   1.6481625e-17
       11840.000   3.4884903e-15   1.6661121e-17
       11850.000   3.5134045e-15   1.6455498e-17
       11860.000   3.5392117e-15   1.6220880e-17
       11870.000   3.5650188e-15   1.5986262e-17
       11880.000   3.5908260e-15   1.5751643e-17
       11890.000   3.5707932e-15   1.5804757e-17
       11900.000   3.5281745e-15   1.5999639e-17
       11910.000   3.4855558e-15   1.6194522e-17
       11920.000   3.4429371e-15   1.6389404e-17
       11930.000   3.4031213e-15   1.6574325e-17
       11940.000   3.3675099e-15   1.6744301e-17
       11950.000   3.3318985e-15   1.6914278e-17
       11960.000   3.2962870e-15   1.7084255e-17
       11970.000   3.2646100e-15   1.7240886e-17
       11980.000   3.2592451e-15   1.7308268e-17
       11990.000   3.2538802e-15   1.7375650e-17
