       3000.0000   9.2578122e-22       0.0000000
       3010.0000   9.9372052e-22       0.0000000
       3020.0000   1.0660868e-21       0.0000000
       3030.0000   1.1431301e-21       0.0000000
       3040.0000   1.2251120e-21       0.0000000
       3050.0000   1.3123065e-21       0.0000000
       3060.0000   1.4050000e-21       0.0000000
       3070.0000   1.5034922e-21       0.0000000
       3080.0000   1.6080960e-21       0.0000000
       3090.0000   1.7191386e-21       0.0000000
       3100.0000   1.8369614e-21       0.0000000
       3110.0000   1.9619211e-21       0.0000000
       3120.0000   2.0943894e-21       0.0000000
       3130.0000   2.2347543e-21       0.0000000
       3140.0000   2.3834201e-21       0.0000000
       3150.0000   2.5408081e-21       0.0000000
       3160.0000   2.7073572e-21       0.0000000
       3170.0000   2.8835242e-21       0.0000000
       3180.0000   3.0697846e-21       0.0000000
       3190.0000   3.2666332e-21       0.0000000
       3200.0000   3.4745845e-21       0.0000000
       3210.0000   3.6941730e-21       0.0000000
       3220.0000   3.9259547e-21       0.0000000
       3230.0000   4.1705065e-21       0.0000000
       3240.0000   4.4284280e-21       0.0000000
       3250.0000   4.7003411e-21       0.0000000
       3260.0000   4.9868911e-21       0.0000000
       3270.0000   5.2887477e-21       0.0000000
       3280.0000   5.6066046e-21       0.0000000
       3290.0000   5.9411813e-21       0.0000000
       3300.0000   6.2932230e-21       0.0000000
       3310.0000   6.6635014e-21       0.0000000
       3320.0000   7.0528156e-21       0.0000000
       3330.0000   7.4619927e-21       0.0000000
       3340.0000   7.8918882e-21       0.0000000
       3350.0000   8.3433871e-21       0.0000000
       3360.0000   8.8174042e-21       0.0000000
       3370.0000   9.3148852e-21       0.0000000
       3380.0000   9.8368070e-21       0.0000000
       3390.0000   1.0384179e-20       0.0000000
       3400.0000   1.0958043e-20       0.0000000
       3410.0000   1.1559474e-20       0.0000000
       3420.0000   1.2189583e-20       0.0000000
       3430.0000   1.2849514e-20       0.0000000
       3440.0000   1.3540447e-20       0.0000000
       3450.0000   1.4263600e-20       0.0000000
       3460.0000   1.5020227e-20       0.0000000
       3470.0000   1.5811621e-20       0.0000000
       3480.0000   1.6639112e-20       0.0000000
       3490.0000   1.7504070e-20       0.0000000
       3500.0000   1.8407907e-20       0.0000000
       3510.0000   1.9352074e-20       0.0000000
       3520.0000   2.0338064e-20       0.0000000
       3530.0000   2.1367414e-20       0.0000000
       3540.0000   2.2441701e-20       0.0000000
       3550.0000   2.3562551e-20       0.0000000
       3560.0000   2.4731630e-20       0.0000000
       3570.0000   2.5950651e-20       0.0000000
       3580.0000   2.7221375e-20       0.0000000
       3590.0000   2.8545608e-20       0.0000000
       3600.0000   2.9925205e-20       0.0000000
       3610.0000   3.1362068e-20       0.0000000
       3620.0000   3.2858150e-20       0.0000000
       3630.0000   3.4415453e-20       0.0000000
       3640.0000   3.6036030e-20       0.0000000
       3650.0000   3.7721987e-20       0.0000000
       3660.0000   3.9475478e-20       0.0000000
       3670.0000   4.1298716e-20       0.0000000
       3680.0000   4.3193962e-20       0.0000000
       3690.0000   4.5163535e-20       0.0000000
       3700.0000   4.7209807e-20       0.0000000
       3710.0000   4.9335209e-20       0.0000000
       3720.0000   5.1542224e-20       0.0000000
       3730.0000   5.3833397e-20       0.0000000
       3740.0000   5.6211327e-20       0.0000000
       3750.0000   5.8678674e-20       0.0000000
       3760.0000   6.1238156e-20       0.0000000
       3770.0000   6.3892553e-20       0.0000000
       3780.0000   6.6644702e-20       0.0000000
       3790.0000   6.9497505e-20       0.0000000
       3800.0000   7.2453924e-20       0.0000000
       3810.0000   7.5516983e-20       0.0000000
       3820.0000   7.8689772e-20       0.0000000
       3830.0000   8.1975441e-20       0.0000000
       3840.0000   8.5377207e-20       0.0000000
       3850.0000   8.8898352e-20       0.0000000
       3860.0000   9.2542221e-20       0.0000000
       3870.0000   9.6312229e-20       0.0000000
       3880.0000   1.0021185e-19       0.0000000
       3890.0000   1.0424464e-19       0.0000000
       3900.0000   1.0841421e-19       0.0000000
       3910.0000   1.1272424e-19       0.0000000
       3920.0000   1.1717848e-19       0.0000000
       3930.0000   1.2178076e-19       0.0000000
       3940.0000   1.2653496e-19       0.0000000
       3950.0000   1.3144504e-19       0.0000000
       3960.0000   1.3651505e-19       0.0000000
       3970.0000   1.4174907e-19       0.0000000
       3980.0000   1.4715128e-19       0.0000000
       3990.0000   1.5272593e-19       0.0000000
       4000.0000   1.5847734e-19       0.0000000
       4010.0000   1.6440990e-19       0.0000000
       4020.0000   1.7052806e-19       0.0000000
       4030.0000   1.7683638e-19       0.0000000
       4040.0000   1.8333945e-19       0.0000000
       4050.0000   1.9004197e-19       0.0000000
       4060.0000   1.9694868e-19       0.0000000
       4070.0000   2.0406444e-19       0.0000000
       4080.0000   2.1139413e-19       0.0000000
       4090.0000   2.1894276e-19       0.0000000
       4100.0000   2.2671537e-19       0.0000000
       4110.0000   2.3471709e-19       0.0000000
       4120.0000   2.4295315e-19       0.0000000
       4130.0000   2.5142881e-19       0.0000000
       4140.0000   2.6014946e-19       0.0000000
       4150.0000   2.6912051e-19       0.0000000
       4160.0000   2.7834749e-19       0.0000000
       4170.0000   2.8783598e-19       0.0000000
       4180.0000   2.9759164e-19       0.0000000
       4190.0000   3.0762023e-19       0.0000000
       4200.0000   3.1792756e-19       0.0000000
       4210.0000   3.2851952e-19       0.0000000
       4220.0000   3.3940209e-19       0.0000000
       4230.0000   3.5058130e-19       0.0000000
       4240.0000   3.6206329e-19       0.0000000
       4250.0000   3.7385426e-19       0.0000000
       4260.0000   3.8596047e-19       0.0000000
       4270.0000   3.9838829e-19       0.0000000
       4280.0000   4.1114414e-19       0.0000000
       4290.0000   4.2423452e-19       0.0000000
       4300.0000   4.3766601e-19       0.0000000
       4310.0000   4.5144526e-19       0.0000000
       4320.0000   4.6557901e-19       0.0000000
       4330.0000   4.8007406e-19       0.0000000
       4340.0000   4.9493729e-19       0.0000000
       4350.0000   5.1017565e-19       0.0000000
       4360.0000   5.2579616e-19       0.0000000
       4370.0000   5.4180594e-19       0.0000000
       4380.0000   5.5821215e-19       0.0000000
       4390.0000   5.7502204e-19       0.0000000
       4400.0000   5.9224293e-19       0.0000000
       4410.0000   6.0988222e-19       0.0000000
       4420.0000   6.2794736e-19       0.0000000
       4430.0000   6.4644590e-19       0.0000000
       4440.0000   6.6538544e-19       0.0000000
       4450.0000   6.8477366e-19       0.0000000
       4460.0000   7.0461831e-19       0.0000000
       4470.0000   7.2492721e-19       0.0000000
       4480.0000   7.4570823e-19       0.0000000
       4490.0000   7.6696935e-19       0.0000000
       4500.0000   7.8871857e-19       0.0000000
       4510.0000   8.1096399e-19       0.0000000
       4520.0000   8.3371377e-19       0.0000000
       4530.0000   8.5697613e-19       0.0000000
       4540.0000   8.8075936e-19       0.0000000
       4550.0000   9.0507181e-19       0.0000000
       4560.0000   9.2992190e-19       0.0000000
       4570.0000   9.5531811e-19       0.0000000
       4580.0000   9.8126899e-19       0.0000000
       4590.0000   1.0077831e-18       0.0000000
       4600.0000   1.0348692e-18       0.0000000
       4610.0000   1.0625360e-18       0.0000000
       4620.0000   1.0907922e-18       0.0000000
       4630.0000   1.1196467e-18       0.0000000
       4640.0000   1.1491085e-18       0.0000000
       4650.0000   1.1791864e-18       0.0000000
       4660.0000   1.2098895e-18       0.0000000
       4670.0000   1.2412268e-18       0.0000000
       4680.0000   1.2732076e-18       0.0000000
       4690.0000   1.3058409e-18       0.0000000
       4700.0000   1.3391361e-18       0.0000000
       4710.0000   1.3731024e-18       0.0000000
       4720.0000   1.4077491e-18       0.0000000
       4730.0000   1.4430856e-18       0.0000000
       4740.0000   1.4791214e-18       0.0000000
       4750.0000   1.5158660e-18       0.0000000
       4760.0000   1.5533289e-18       0.0000000
       4770.0000   1.5915196e-18       0.0000000
       4780.0000   1.6304479e-18       0.0000000
       4790.0000   1.6701233e-18       0.0000000
       4800.0000   1.7105557e-18       0.0000000
       4810.0000   1.7517547e-18       0.0000000
       4820.0000   1.7937301e-18       0.0000000
       4830.0000   1.8364918e-18       0.0000000
       4840.0000   1.8800497e-18       0.0000000
       4850.0000   1.9244137e-18       0.0000000
       4860.0000   1.9695937e-18       0.0000000
       4870.0000   2.0155997e-18       0.0000000
       4880.0000   2.0624418e-18       0.0000000
       4890.0000   2.1101299e-18       0.0000000
       4900.0000   2.1586743e-18       0.0000000
       4910.0000   2.2080850e-18       0.0000000
       4920.0000   2.2583721e-18       0.0000000
       4930.0000   2.3095458e-18       0.0000000
       4940.0000   2.3616164e-18       0.0000000
       4950.0000   2.4145941e-18       0.0000000
       4960.0000   2.4684891e-18       0.0000000
       4970.0000   2.5233117e-18       0.0000000
       4980.0000   2.5790722e-18       0.0000000
       4990.0000   2.6357810e-18       0.0000000
       5000.0000   2.6934484e-18       0.0000000
       5010.0000   2.7520847e-18       0.0000000
       5020.0000   2.8117004e-18       0.0000000
       5030.0000   2.8723059e-18       0.0000000
       5040.0000   2.9339115e-18       0.0000000
       5050.0000   2.9965277e-18       0.0000000
       5060.0000   3.0601649e-18       0.0000000
       5070.0000   3.1248337e-18       0.0000000
       5080.0000   3.1905444e-18       0.0000000
       5090.0000   3.2573076e-18       0.0000000
       5100.0000   3.3251337e-18       0.0000000
       5110.0000   3.3940332e-18       0.0000000
       5120.0000   3.4640167e-18       0.0000000
       5130.0000   3.5350946e-18       0.0000000
       5140.0000   3.6072774e-18       0.0000000
       5150.0000   3.6805757e-18       0.0000000
       5160.0000   3.7549999e-18       0.0000000
       5170.0000   3.8305606e-18       0.0000000
       5180.0000   3.9072682e-18       0.0000000
       5190.0000   3.9851333e-18       0.0000000
       5200.0000   4.0641663e-18       0.0000000
       5210.0000   4.1443778e-18       0.0000000
       5220.0000   4.2257782e-18       0.0000000
       5230.0000   4.3083781e-18       0.0000000
       5240.0000   4.3921878e-18       0.0000000
       5250.0000   4.4772179e-18       0.0000000
       5260.0000   4.5634787e-18       0.0000000
       5270.0000   4.6509807e-18       0.0000000
       5280.0000   4.7397344e-18       0.0000000
       5290.0000   4.8297501e-18       0.0000000
       5300.0000   4.9210382e-18       0.0000000
       5310.0000   5.0136091e-18       0.0000000
       5320.0000   5.1074731e-18       0.0000000
       5330.0000   5.2026405e-18       0.0000000
       5340.0000   5.2991216e-18       0.0000000
       5350.0000   1.6476404e-17   1.0533162e-17
       5360.0000   1.1858552e-17   1.0341514e-17
       5370.0000   6.1422137e-18   1.0392819e-17
       5380.0000   2.4190481e-17   1.0303842e-17
       5390.0000  -1.7534714e-18   1.0055748e-17
       5400.0000   2.0083035e-17   1.0132324e-17
       5410.0000   4.3220806e-18   1.0353767e-17
       5420.0000   1.0347250e-17   1.0150915e-17
       5430.0000   2.0243416e-17   1.0074319e-17
       5440.0000   5.4028849e-18   1.0377649e-17
       5450.0000   6.3970850e-18   1.0591125e-17
       5460.0000   2.9802303e-17   1.8231138e-17
       5470.0000   1.3172738e-17   1.0870759e-17
       5480.0000   2.8406410e-17   1.0633078e-17
       5490.0000   9.1138900e-18   1.0271084e-17
       5500.0000  -9.0637257e-18   1.0391063e-17
       5510.0000  -5.0364369e-18   1.0319370e-17
       5520.0000  -6.3627600e-18   1.0579603e-17
       5530.0000   3.1152348e-18   1.0800684e-17
       5540.0000   8.4896754e-19   1.0320397e-17
       5550.0000  -4.0542553e-18   1.0325729e-17
       5560.0000  -3.2996244e-18   1.0506592e-17
       5570.0000   1.0539465e-17   1.1157870e-17
       5580.0000   5.1379992e-18   8.2606037e-17
       5590.0000   4.1056907e-18   1.1199226e-17
       5600.0000   1.0433743e-17   1.0246252e-17
       5610.0000   1.4197256e-17   1.0597228e-17
       5620.0000  -4.0565887e-18   1.0480214e-17
       5630.0000   2.1540755e-17   1.0747408e-17
       5640.0000   1.9640912e-17   1.0678303e-17
       5650.0000  -7.6938752e-18   1.0658922e-17
       5660.0000   1.7131228e-17   1.1056255e-17
       5670.0000   9.5113041e-18   1.1449247e-17
       5680.0000  -3.9435164e-19   1.1704122e-17
       5690.0000   8.0589673e-18   1.4049873e-17
       5700.0000   7.2483964e-18   1.1868523e-17
       5710.0000   1.3225038e-17   1.1043841e-17
       5720.0000   1.6558419e-17   1.1137490e-17
       5730.0000   4.1155477e-18   1.0855368e-17
       5740.0000   6.9601797e-18   1.0921566e-17
       5750.0000   7.7008055e-18   1.1231051e-17
       5760.0000   3.4017240e-19   1.1445677e-17
       5770.0000  -4.9997824e-18   1.3448721e-17
       5780.0000   6.0136869e-18   1.1992174e-17
       5790.0000   2.7459316e-17   1.3888014e-17
       5800.0000   5.2927937e-18   1.2164499e-17
       5810.0000   9.9771671e-18   1.2551972e-17
       5820.0000  -1.7435970e-17   1.2670237e-17
       5830.0000   1.6791493e-17   1.3049488e-17
       5840.0000   9.6706250e-18   1.3332032e-17
       5850.0000  -2.5066823e-18   1.3260228e-17
       5860.0000   5.0866956e-19   1.3258706e-17
       5870.0000  -9.5882746e-18   1.3548217e-17
       5880.0000   9.1860675e-18   1.2293058e-17
       5890.0000   8.2498070e-18   3.6198212e-17
       5900.0000  -3.4369727e-18   1.2482012e-17
       5910.0000  -1.1090275e-17   1.1750991e-17
       5920.0000  -3.8613787e-18   1.1853771e-17
       5930.0000  -1.4841225e-17   1.1949514e-17
       5940.0000   1.5567649e-17   1.1318225e-17
       5950.0000   1.5270451e-17   1.1572359e-17
       5960.0000   3.0954301e-18   1.1024739e-17
       5970.0000  -1.1825520e-17   1.1336902e-17
       5980.0000   4.8125251e-18   1.1074694e-17
       5990.0000   2.2834124e-17   1.0909408e-17
       6000.0000   1.7253878e-17   1.0614106e-17
       6010.0000   2.8937369e-17   1.0267029e-17
       6020.0000   6.3894265e-18   9.9979390e-18
       6030.0000   2.0220908e-17   1.0264387e-17
       6040.0000   1.9859338e-17   9.8388433e-18
       6050.0000   5.6964231e-18   9.7435908e-18
       6060.0000  -3.8153426e-18   9.8897423e-18
       6070.0000   1.6562091e-17   9.5355613e-18
       6080.0000   1.5296474e-17   9.5234432e-18
       6090.0000   1.5176248e-17   9.1206281e-18
       6100.0000   2.1682757e-17   9.1291501e-18
       6110.0000   1.9966208e-17   8.9893239e-18
       6120.0000   2.5707144e-17   9.2472590e-18
       6130.0000   2.0829839e-17   8.6423870e-18
       6140.0000   3.1826172e-17   8.7862480e-18
       6150.0000   2.4524978e-17   8.6968380e-18
       6160.0000   3.7768602e-17   9.1421042e-18
       6170.0000   4.6034310e-18   8.9081607e-18
       6180.0000   2.4636739e-17   8.2952222e-18
       6190.0000   2.8815070e-17   8.3886576e-18
       6200.0000   2.3850533e-17   8.3265007e-18
       6210.0000   7.9316413e-18   8.4976796e-18
       6220.0000   3.0961588e-17   8.9331715e-18
       6230.0000   2.9107784e-17   8.1461463e-18
       6240.0000   9.2391390e-18   9.3085740e-18
       6250.0000   2.0920875e-17   7.9220081e-18
       6260.0000   2.7568767e-17   9.8808952e-18
       6270.0000   1.6768189e-17   7.8933462e-18
       6280.0000   2.5954961e-17   7.8805616e-18
       6290.0000   2.4179469e-17   8.6405378e-18
       6300.0000   2.2679343e-17   3.0025050e-17
       6310.0000   1.8479296e-17   7.7254799e-18
       6320.0000   2.1208655e-17   7.9082269e-18
       6330.0000   2.9446319e-17   9.2840050e-18
       6340.0000   4.6138617e-17   6.8255904e-18
       6350.0000   3.5720050e-17   7.1492886e-18
       6360.0000   3.6076544e-17   8.7601004e-18
       6370.0000   3.5201657e-17   6.8077230e-18
       6380.0000   3.3314379e-17   7.1834447e-18
       6390.0000   2.9428364e-17   6.8809101e-18
       6400.0000   3.7690046e-17   6.6759785e-18
       6410.0000   3.9360799e-17   6.5822053e-18
       6420.0000   2.6311599e-17   7.0850953e-18
       6430.0000   2.8317906e-17   6.4273139e-18
       6440.0000   3.7864759e-17   6.7348724e-18
       6450.0000   3.3827761e-17   6.5455587e-18
       6460.0000   4.8060546e-17   6.7408554e-18
       6470.0000   4.1450881e-17   8.1069091e-18
       6480.0000   4.9853981e-17   6.8354104e-18
       6490.0000   3.9342663e-17   6.6038160e-18
       6500.0000   5.3466383e-17   8.6199045e-18
       6510.0000   5.2370026e-17   6.6197189e-18
       6520.0000   5.1107458e-17   6.9397828e-18
       6530.0000   6.3516319e-17   7.5418143e-18
       6540.0000   6.0388978e-17   6.7638994e-18
       6550.0000   6.9792244e-17   7.1004989e-18
       6560.0000   6.2312628e-17   7.1979213e-18
       6570.0000   7.1451792e-17   7.2214085e-18
       6580.0000   5.8672007e-17   7.4679826e-18
       6590.0000   7.3261436e-17   6.6967595e-18
       6600.0000   6.9242300e-17   6.7275259e-18
       6610.0000   7.1639008e-17   6.6058557e-18
       6620.0000   6.5089575e-17   6.4504322e-18
       6630.0000   7.3626278e-17   6.6621188e-18
       6640.0000   7.3392864e-17   6.3556290e-18
       6650.0000   7.2519188e-17   6.3214112e-18
       6660.0000   6.6392551e-17   6.2846734e-18
       6670.0000   8.3978794e-17   6.4714408e-18
       6680.0000   6.9683826e-17   6.3371844e-18
       6690.0000   7.8449149e-17   6.0339077e-18
       6700.0000   8.6913973e-17   6.3729835e-18
       6710.0000   7.7737768e-17   6.3059155e-18
       6720.0000   7.7809285e-17   6.1838855e-18
       6730.0000   9.6578203e-17   6.1467665e-18
       6740.0000   8.8002416e-17   6.2984844e-18
       6750.0000   7.7714150e-17   6.1528428e-18
       6760.0000   8.3519801e-17   6.0657002e-18
       6770.0000   9.1601392e-17   6.0581884e-18
       6780.0000   8.9425282e-17   6.0781201e-18
       6790.0000   8.2934047e-17   6.2865468e-18
       6800.0000   8.6404942e-17   5.9204737e-18
       6810.0000   8.2526822e-17   6.0886471e-18
       6820.0000   8.2014119e-17   6.0846179e-18
       6830.0000   9.3330286e-17   1.0201864e-17
       6840.0000   8.0499780e-17   6.8668150e-18
       6850.0000   8.4089042e-17   6.3057919e-18
       6860.0000   6.9341173e-17   7.3500700e-18
       6870.0000   8.2793565e-17   9.2593196e-18
       6880.0000   8.7438932e-17   7.2147677e-18
       6890.0000   7.2657339e-17   8.4237039e-18
       6900.0000   7.4735323e-17   7.9477360e-18
       6910.0000   7.3823248e-17   7.8580376e-18
       6920.0000   6.8380438e-17   7.6606531e-18
       6930.0000   8.3078568e-17   6.0926650e-18
       6940.0000   8.5852974e-17   8.4764179e-18
       6950.0000   1.0265004e-16   1.0893847e-17
       6960.0000   1.0098082e-16   6.2642780e-18
       6970.0000   1.0044416e-16   7.6279469e-18
       6980.0000   9.8828181e-17   8.6615355e-18
       6990.0000   9.4267695e-17   6.4236472e-18
       7000.0000   1.0485056e-16   6.3532612e-18
       7010.0000   1.0567136e-16   7.3111023e-18
       7020.0000   1.1157298e-16   6.3814328e-18
       7030.0000   1.1865023e-16   6.3504384e-18
       7040.0000   1.4559067e-16   6.7676179e-18
       7050.0000   1.3026215e-16   7.3655683e-18
       7060.0000   1.2187400e-16   6.3678337e-18
       7070.0000   1.2370647e-16   6.5719321e-18
       7080.0000   1.4207024e-16   6.5928612e-18
       7090.0000   1.2839872e-16   6.8138118e-18
       7100.0000   1.2647019e-16   6.2387362e-18
       7110.0000   1.5230727e-16   6.5565576e-18
       7120.0000   1.2901117e-16   6.0439147e-18
       7130.0000   1.2695532e-16   6.3782063e-18
       7140.0000   1.4048816e-16   6.4082201e-18
       7150.0000   1.5637673e-16   6.4330402e-18
       7160.0000   1.5266815e-16   6.4673160e-18
       7170.0000   1.6112801e-16   6.5968958e-18
       7180.0000   1.5693540e-16   6.6262093e-18
       7190.0000   1.5959379e-16   6.3758336e-18
       7200.0000   1.6179773e-16   6.8237189e-18
       7210.0000   1.6016607e-16   6.3002413e-18
       7220.0000   1.6563797e-16   6.5849700e-18
       7230.0000   1.6609107e-16   6.9551927e-18
       7240.0000   1.8876331e-16   1.7236189e-17
       7250.0000   1.8492850e-16   8.1650628e-18
       7260.0000   1.8339105e-16   7.0981326e-18
       7270.0000   1.7387715e-16   7.8322508e-18
       7280.0000   1.9807839e-16   1.0024578e-17
       7290.0000   1.9425118e-16   7.7318097e-18
       7300.0000   1.8789515e-16   8.0986807e-18
       7310.0000   2.1205837e-16   7.5832874e-18
       7320.0000   2.1949069e-16   8.9013874e-18
       7330.0000   2.0703715e-16   1.2127135e-17
       7340.0000   2.7644601e-16   1.9398346e-17
       7350.0000   2.1766086e-16   7.7597434e-18
       7360.0000   2.0980362e-16   1.0997047e-17
       7370.0000   2.1972370e-16   1.6910100e-17
       7380.0000   2.0788179e-16   7.4018300e-18
       7390.0000   2.2325894e-16   9.4051453e-18
       7400.0000   2.3332977e-16   1.2216566e-17
       7410.0000   2.0177229e-16   7.3777683e-18
       7420.0000   2.0025524e-16   6.9612302e-18
       7430.0000   1.9940388e-16   8.9108610e-18
       7440.0000   2.0119945e-16   9.6419195e-18
       7450.0000   1.9747015e-16   6.8740834e-18
       7460.0000   1.9691135e-16   7.4115017e-18
       7470.0000   2.1642236e-16   8.9428614e-18
       7480.0000   1.9587781e-16   1.0091652e-17
       7490.0000   2.1074919e-16   7.1299595e-18
       7500.0000   1.9184084e-16   6.8574845e-18
       7510.0000   2.1555458e-16   6.6701275e-18
       7520.0000   2.0913380e-16   9.0200479e-18
       7530.0000   1.7955323e-16   9.1355095e-18
       7540.0000   2.2666559e-16   7.5979036e-18
       7550.0000   2.0222694e-16   7.0122464e-18
       7560.0000   1.9287571e-16   7.5164725e-18
       7570.0000   2.0331675e-16   1.1546620e-17
       7580.0000   1.9078010e-16   6.8326483e-18
       7590.0000   1.4526381e-16   7.0468052e-18
       7600.0000   1.4983525e-16   2.3913810e-17
       7610.0000   1.4937402e-16   1.5984465e-17
       7620.0000   1.3013408e-16   9.9718003e-18
       7630.0000   1.0654807e-16   1.5501010e-17
       7640.0000   8.4618463e-17   9.8167663e-18
       7650.0000   4.7814992e-17   8.5310643e-18
       7660.0000   1.7851556e-17   8.5673220e-18
       7670.0000   2.6157977e-17   6.8544473e-18
       7680.0000   6.2242860e-17   7.0741299e-18
       7690.0000   4.7541456e-17   7.7156224e-18
       7700.0000   1.2498739e-17   8.1940019e-18
       7710.0000   7.7876691e-17   1.3173494e-17
       7720.0000   9.7053831e-17   1.1486335e-17
       7730.0000   1.0923151e-16   7.7666243e-18
       7740.0000   1.3765282e-16   7.6371061e-18
       7750.0000   2.3864725e-16   2.4868738e-17
       7760.0000   1.7884972e-16   1.3375067e-17
       7770.0000   1.7682044e-16   8.5769140e-18
       7780.0000   1.9280283e-16   1.1780089e-17
       7790.0000   1.6772002e-16   1.1028793e-17
       7800.0000   8.4568453e-17   7.3698062e-18
       7810.0000   2.1226506e-16   1.2245135e-17
       7820.0000   2.3738603e-16   2.0684654e-17
       7830.0000   2.0657047e-16   7.8561826e-18
       7840.0000   2.2813208e-16   1.2583447e-17
       7850.0000   2.7315723e-16   1.6149181e-17
       7860.0000   2.5487447e-16   1.5146415e-17
       7870.0000   2.6239170e-16   1.6811264e-17
       7880.0000   2.7406436e-16   1.4028430e-17
       7890.0000   2.9571082e-16   1.8446802e-17
       7900.0000   2.5819970e-16   8.3861752e-18
       7910.0000   2.2760882e-16   1.5024596e-17
       7920.0000   3.1092083e-16   1.7316170e-17
       7930.0000   2.6922781e-16   1.4562652e-17
       7940.0000   2.8446994e-16   8.6350860e-18
       7950.0000   2.2201419e-16   1.2579329e-17
       7960.0000   2.7684167e-16   1.0728179e-17
       7970.0000   2.7623530e-16   9.6836739e-18
       7980.0000   3.3637546e-16   1.5572494e-17
       7990.0000   3.0217002e-16   1.4587363e-17
       8000.0000   3.3212981e-16   9.2902899e-18
       8010.0000   3.2556543e-16   1.0098116e-17
       8020.0000   3.2945773e-16   1.0550274e-17
       8030.0000   3.5906022e-16   1.1107818e-17
       8040.0000   3.4990725e-16   8.7205262e-18
       8050.0000   3.8199840e-16   1.1314494e-17
       8060.0000   4.2292311e-16   1.3271806e-17
       8070.0000   4.1591834e-16   8.9009013e-18
       8080.0000   4.2718650e-16   9.1667978e-18
       8090.0000   4.4275891e-16   9.3598499e-18
       8100.0000   4.4517485e-16   1.1176291e-17
       8110.0000   4.7063907e-16   9.4841618e-18
       8120.0000   4.8852875e-16   9.5161010e-18
       8130.0000   4.9764977e-16   1.0611329e-17
       8140.0000   5.1878209e-16   1.0713062e-17
       8150.0000   4.9599667e-16   9.9884335e-18
       8160.0000   5.0859597e-16   1.0095918e-17
       8170.0000   5.4953133e-16   1.0377530e-17
       8180.0000   4.7800451e-16   1.0719126e-17
       8190.0000   4.9462428e-16   1.1405543e-17
       8200.0000   4.9608641e-16   1.0891842e-17
       8210.0000   5.5102406e-16   1.0507794e-17
       8220.0000   5.6006143e-16   1.0485869e-17
       8230.0000   5.7069684e-16   1.1257202e-17
       8240.0000   5.9765045e-16   1.1236302e-17
       8250.0000   6.0092579e-16   1.0970196e-17
       8260.0000   6.0738272e-16   1.0706788e-17
       8270.0000   5.9981932e-16   1.1007199e-17
       8280.0000   6.5390236e-16   2.2257672e-17
       8290.0000   5.6394522e-16   2.1238293e-17
       8300.0000   5.6589208e-16   2.4261346e-17
       8310.0000   5.6535540e-16   1.6084479e-17
       8320.0000   6.1824672e-16   1.2105419e-17
       8330.0000   6.0734424e-16   1.0719071e-17
       8340.0000   5.9404274e-16   1.5058246e-17
       8350.0000   6.0394810e-16   1.7166953e-17
       8360.0000   6.1545638e-16   1.2324519e-17
       8370.0000   6.5064319e-16   1.1019878e-17
       8380.0000   6.8369213e-16   1.6664412e-17
       8390.0000   6.2628427e-16   1.1602370e-17
       8400.0000   7.3055936e-16   4.1985628e-17
       8410.0000   6.7133795e-16   1.1647231e-17
       8420.0000   6.2365096e-16   1.2302046e-17
       8430.0000   8.1608589e-16   4.6739283e-17
       8440.0000   6.2350928e-16   1.1301844e-17
       8450.0000   6.2227497e-16   1.6646455e-17
       8460.0000   5.5992866e-16   1.1919818e-17
       8470.0000   5.7214538e-16   1.2796467e-17
       8480.0000   5.5064512e-16   1.0632227e-17
       8490.0000   5.7001160e-16   1.2649675e-17
       8500.0000   5.4429590e-16   1.2762608e-17
       8510.0000   5.7634094e-16   1.2578461e-17
       8520.0000   3.9515331e-16   1.1674739e-17
       8530.0000   6.0700348e-16   1.2100678e-17
       8540.0000   5.9415544e-16   1.4585157e-17
       8550.0000   6.7438857e-16   1.8161792e-17
       8560.0000   6.2254166e-16   1.2193852e-17
       8570.0000   6.4566226e-16   1.2484028e-17
       8580.0000   6.5177821e-16   1.2371589e-17
       8590.0000   6.5778034e-16   1.4686682e-17
       8600.0000   6.8817014e-16   1.4014850e-17
       8610.0000   5.6366432e-16   1.3966520e-17
       8620.0000   4.6078890e-16   2.0056917e-17
       8630.0000   4.3328567e-16   2.4060363e-17
       8640.0000   4.4988905e-16   1.7511661e-17
       8650.0000   5.4855618e-16   2.1801031e-17
       8660.0000   5.1428941e-16   2.3960014e-17
       8670.0000   5.4555532e-16   2.1690372e-17
       8680.0000   5.4528392e-16   1.8391660e-17
       8690.0000   5.0844003e-16   1.4424872e-17
       8700.0000   4.2805516e-16   1.4412322e-17
       8710.0000   3.7984984e-16   1.3610706e-17
       8720.0000   4.0238648e-16   1.3093819e-17
       8730.0000   4.7455575e-16   1.3270344e-17
       8740.0000   4.6082610e-16   1.3968305e-17
       8750.0000   4.5180369e-16   1.3605468e-17
       8760.0000   6.9951763e-16   3.3601339e-17
       8770.0000   6.0431092e-16   2.8405838e-17
       8780.0000   4.8656443e-16   3.4595790e-17
       8790.0000   5.5294694e-16   2.4526591e-17
       8800.0000   5.0409439e-16   1.5159330e-17
       8810.0000   5.9378962e-16   1.5756228e-17
       8820.0000   6.4223393e-16   1.6590083e-17
       8830.0000   6.6483373e-16   4.0657933e-17
       8840.0000   7.3345120e-16   2.0641945e-17
       8850.0000   6.6465389e-16   2.3179179e-17
       8860.0000   5.9269885e-16   1.6209352e-17
       8870.0000   5.3252730e-16   2.6187350e-17
       8880.0000   7.3465866e-16   2.2259313e-17
       8890.0000   7.0339349e-16   2.3616591e-17
       8900.0000   6.8507093e-16   2.5111856e-17
       8910.0000   6.0700706e-16   1.6500073e-17
       8920.0000   8.4553370e-16   7.6934073e-17
       8930.0000   7.6912934e-16   1.7256197e-17
       8940.0000   5.6424952e-16   2.3597938e-17
       8950.0000   6.8148305e-16   1.6913102e-17
       8960.0000   7.6254298e-16   4.7431534e-17
       8970.0000   7.6784241e-16   1.8051842e-17
       8980.0000   7.3410844e-16   1.7965313e-17
       8990.0000   8.3612226e-16   2.9931669e-17
       9000.0000   8.5297668e-16   4.4273082e-17
       9010.0000   7.8088444e-16   1.7057985e-17
       9020.0000   7.3193082e-16   1.7046387e-17
       9030.0000   7.5442624e-16   1.7785284e-17
       9040.0000   9.2085788e-16   2.2294637e-17
       9050.0000   9.5078680e-16   3.0321133e-17
       9060.0000   7.4807020e-16   1.7255560e-17
       9070.0000   7.9373327e-16   1.9662710e-17
       9080.0000   9.2512503e-16   1.8683945e-17
       9090.0000   8.7257022e-16   2.0253768e-17
       9100.0000   9.9105513e-16   2.3352870e-17
       9110.0000   9.7132222e-16   1.9166538e-17
       9120.0000   1.0433286e-15   1.9328098e-17
       9130.0000   1.0107012e-15   2.0264921e-17
       9140.0000   8.9404094e-16   1.8585640e-17
       9150.0000   9.4006427e-16   2.1387168e-17
       9160.0000   1.0904764e-15   2.3939906e-17
       9170.0000   1.0560423e-15   2.1726815e-17
       9180.0000   1.0853240e-15   2.0393649e-17
       9190.0000   1.2944514e-15   1.9105981e-17
       9200.0000   1.1717773e-15   1.8227473e-17
       9210.0000   1.2228509e-15   2.9759597e-17
       9220.0000   1.2418897e-15   2.9770243e-17
       9230.0000   1.2609284e-15   2.9780889e-17
       9240.0000   1.2778911e-15   2.9807128e-17
       9250.0000   1.2598297e-15   3.0096435e-17
       9260.0000   1.2417682e-15   3.0385742e-17
       9270.0000   1.2237068e-15   3.0675049e-17
       9280.0000   1.2050440e-15   3.0922701e-17
       9290.0000   1.1858262e-15   3.1131905e-17
       9300.0000   1.1666084e-15   3.1341110e-17
       9310.0000   1.1473905e-15   3.1550314e-17
       9320.0000   1.1824065e-15   3.1898684e-17
       9330.0000   1.2192737e-15   3.2251804e-17
       9340.0000   1.2561409e-15   3.2604924e-17
       9350.0000   1.2890265e-15   3.2895443e-17
       9360.0000   1.3158664e-15   3.3090905e-17
       9370.0000   1.3427062e-15   3.3286366e-17
       9380.0000   1.3695461e-15   3.3481828e-17
       9390.0000   1.3733748e-15   3.3218811e-17
       9400.0000   1.3718078e-15   3.2848291e-17
       9410.0000   1.3702408e-15   3.2477771e-17
       9420.0000   1.3714732e-15   3.2156396e-17
       9430.0000   1.3834345e-15   3.2023368e-17
       9440.0000   1.3953958e-15   3.1890340e-17
       9450.0000   1.4073572e-15   3.1757312e-17
       9460.0000   1.4254424e-15   3.2388795e-17
       9470.0000   1.4478361e-15   3.3558143e-17
       9480.0000   1.4702299e-15   3.4727492e-17
       9490.0000   1.4926236e-15   3.5896841e-17
       9500.0000   1.5196711e-15   3.4619585e-17
       9510.0000   1.5469636e-15   3.3213560e-17
       9520.0000   1.5742560e-15   3.1807535e-17
       9530.0000   1.5944002e-15   3.0681880e-17
       9540.0000   1.5976220e-15   3.0219947e-17
       9550.0000   1.6008439e-15   2.9758013e-17
       9560.0000   1.6040658e-15   2.9296080e-17
       9570.0000   1.6079153e-15   2.9049227e-17
       9580.0000   1.6121368e-15   2.8929817e-17
       9590.0000   1.6163583e-15   2.8810407e-17
       9600.0000   1.6205799e-15   2.8690997e-17
       9610.0000   1.6099916e-15   2.8454365e-17
       9620.0000   1.5985077e-15   2.8210643e-17
       9630.0000   1.5870237e-15   2.7966922e-17
       9640.0000   1.5842064e-15   2.7747487e-17
       9650.0000   1.6085361e-15   2.7604131e-17
       9660.0000   1.6328658e-15   2.7460774e-17
       9670.0000   1.6571955e-15   2.7317417e-17
       9680.0000   1.6720643e-15   2.7135156e-17
       9690.0000   1.6784067e-15   2.6917835e-17
       9700.0000   1.6847492e-15   2.6700513e-17
       9710.0000   1.6910916e-15   2.6483191e-17
       9720.0000   1.7092844e-15   2.6416159e-17
       9730.0000   1.7305527e-15   2.6388132e-17
       9740.0000   1.7518210e-15   2.6360104e-17
       9750.0000   1.7738351e-15   2.6330557e-17
       9760.0000   1.8109794e-15   2.6270173e-17
       9770.0000   1.8481238e-15   2.6209789e-17
       9780.0000   1.8852682e-15   2.6149406e-17
       9790.0000   1.9097830e-15   2.6112238e-17
       9800.0000   1.9026073e-15   2.6133324e-17
       9810.0000   1.8954315e-15   2.6154411e-17
       9820.0000   1.8882558e-15   2.6175497e-17
       9830.0000   1.8612297e-15   2.6031324e-17
       9840.0000   1.8149791e-15   2.5727103e-17
       9850.0000   1.7687285e-15   2.5422881e-17
       9860.0000   1.7224780e-15   2.5118660e-17
       9870.0000   1.6686645e-15   2.4894368e-17
       9880.0000   1.6118514e-15   2.4701778e-17
       9890.0000   1.5550383e-15   2.4509188e-17
       9900.0000   1.4982251e-15   2.4316598e-17
       9910.0000   1.4489617e-15   2.4149855e-17
       9920.0000   1.4004452e-15   2.3985670e-17
       9930.0000   1.3519287e-15   2.3821485e-17
       9940.0000   1.3048529e-15   2.3668263e-17
       9950.0000   1.2723535e-15   2.3625975e-17
       9960.0000   1.2398542e-15   2.3583686e-17
       9970.0000   1.2073548e-15   2.3541398e-17
       9980.0000   1.1887060e-15   2.3449436e-17
       9990.0000   1.2105264e-15   2.3212338e-17
       10000.000   1.2323469e-15   2.2975239e-17
       10010.000   1.2541674e-15   2.2738140e-17
       10020.000   1.2760828e-15   2.2604342e-17
       10030.000   1.2981347e-15   2.2619219e-17
       10040.000   1.3201866e-15   2.2634095e-17
       10050.000   1.3422385e-15   2.2648972e-17
       10060.000   1.3747193e-15   2.2705868e-17
       10070.000   1.4160861e-15   2.2798566e-17
       10080.000   1.4574529e-15   2.2891264e-17
       10090.000   1.4988197e-15   2.2983962e-17
       10100.000   1.5242984e-15   2.3077422e-17
       10110.000   1.5419488e-15   2.3171258e-17
       10120.000   1.5595993e-15   2.3265094e-17
       10130.000   1.5772497e-15   2.3358930e-17
       10140.000   1.5803530e-15   2.3340856e-17
       10150.000   1.5793552e-15   2.3291232e-17
       10160.000   1.5783573e-15   2.3241608e-17
       10170.000   1.5773595e-15   2.3191984e-17
       10180.000   1.5925025e-15   2.3181848e-17
       10190.000   1.6098470e-15   2.3177097e-17
       10200.000   1.6271915e-15   2.3172346e-17
       10210.000   1.6445360e-15   2.3167595e-17
       10220.000   1.6459099e-15   2.4009558e-17
       10230.000   1.6466194e-15   2.4886746e-17
       10240.000   1.6473288e-15   2.5763934e-17
       10250.000   1.6480354e-15   2.6565500e-17
       10260.000   1.6486724e-15   2.5549361e-17
       10270.000   1.6493094e-15   2.4533223e-17
       10280.000   1.6499464e-15   2.3517084e-17
       10290.000   1.6542183e-15   2.2603501e-17
       10300.000   1.6912042e-15   2.2612915e-17
       10310.000   1.7281900e-15   2.2622329e-17
       10320.000   1.7651758e-15   2.2631743e-17
       10330.000   1.7995592e-15   2.2658522e-17
       10340.000   1.8179484e-15   2.2792029e-17
       10350.000   1.8363376e-15   2.2925535e-17
       10360.000   1.8547268e-15   2.3059041e-17
       10370.000   1.8718005e-15   2.3142274e-17
       10380.000   1.8828809e-15   2.2996451e-17
       10390.000   1.8939612e-15   2.2850629e-17
       10400.000   1.9050416e-15   2.2704806e-17
       10410.000   1.9157052e-15   2.2569606e-17
       10420.000   1.9247013e-15   2.2476896e-17
       10430.000   1.9336974e-15   2.2384186e-17
       10440.000   1.9426936e-15   2.2291477e-17
       10450.000   1.9528371e-15   2.2194216e-17
       10460.000   1.9672980e-15   2.2079831e-17
       10470.000   1.9817589e-15   2.1965445e-17
       10480.000   1.9962198e-15   2.1851060e-17
       10490.000   2.0067970e-15   2.1714499e-17
       10500.000   2.0027694e-15   2.1494542e-17
       10510.000   1.9987418e-15   2.1274584e-17
       10520.000   1.9947142e-15   2.1054627e-17
       10530.000   1.9887646e-15   2.0851530e-17
       10540.000   1.9751221e-15   2.0715910e-17
       10550.000   1.9614796e-15   2.0580291e-17
       10560.000   1.9478372e-15   2.0444671e-17
       10570.000   1.9372825e-15   2.0328268e-17
       10580.000   1.9407963e-15   2.0299419e-17
       10590.000   1.9443100e-15   2.0270570e-17
       10600.000   1.9478238e-15   2.0241720e-17
       10610.000   1.9544245e-15   2.0218854e-17
       10620.000   1.9785184e-15   2.0229890e-17
       10630.000   2.0026122e-15   2.0240926e-17
       10640.000   2.0267061e-15   2.0251961e-17
       10650.000   2.0507290e-15   2.0279796e-17
       10660.000   2.0741142e-15   2.0458822e-17
       10670.000   2.0974993e-15   2.0637848e-17
       10680.000   2.1208844e-15   2.0816874e-17
       10690.000   2.1443883e-15   2.1031087e-17
       10700.000   2.1701521e-15   2.1915224e-17
       10710.000   2.1959159e-15   2.2799361e-17
       10720.000   2.2216797e-15   2.3683498e-17
       10730.000   2.2474436e-15   2.4567634e-17
       10740.000   2.2696991e-15   2.3912885e-17
       10750.000   2.2919193e-15   2.3242653e-17
       10760.000   2.3141395e-15   2.2572420e-17
       10770.000   2.3363598e-15   2.1902188e-17
       10780.000   2.3501108e-15   2.1866087e-17
       10790.000   2.3630237e-15   2.1892732e-17
       10800.000   2.3759367e-15   2.1919377e-17
       10810.000   2.3888497e-15   2.1946022e-17
       10820.000   2.4380769e-15   2.2623904e-17
       10830.000   2.4947379e-15   2.3435097e-17
       10840.000   2.5513989e-15   2.4246290e-17
       10850.000   2.6080598e-15   2.5057483e-17
       10860.000   2.6284018e-15   2.4800667e-17
       10870.000   2.6353093e-15   2.4148795e-17
       10880.000   2.6422168e-15   2.3496924e-17
       10890.000   2.6491243e-15   2.2845052e-17
       10900.000   2.6599781e-15   2.2530338e-17
       10910.000   2.6731497e-15   2.2413655e-17
       10920.000   2.6863214e-15   2.2296971e-17
       10930.000   2.6994930e-15   2.2180288e-17
       10940.000   2.7100004e-15   2.2157818e-17
       10950.000   2.7180487e-15   2.2222307e-17
       10960.000   2.7260970e-15   2.2286797e-17
       10970.000   2.7341453e-15   2.2351287e-17
       10980.000   2.7437370e-15   2.2359830e-17
       10990.000   2.7556438e-15   2.2284455e-17
       11000.000   2.7675506e-15   2.2209080e-17
       11010.000   2.7794574e-15   2.2133705e-17
       11020.000   2.7819675e-15   2.2023757e-17
       11030.000   2.7590745e-15   2.1820345e-17
       11040.000   2.7361815e-15   2.1616933e-17
       11050.000   2.7132884e-15   2.1413521e-17
       11060.000   2.6937081e-15   2.1217355e-17
       11070.000   2.6963016e-15   2.1069698e-17
       11080.000   2.6988951e-15   2.0922041e-17
       11090.000   2.7014886e-15   2.0774383e-17
       11100.000   2.7040820e-15   2.0626726e-17
       11110.000   2.6969406e-15   2.0772354e-17
       11120.000   2.6896003e-15   2.0923974e-17
       11130.000   2.6822600e-15   2.1075594e-17
       11140.000   2.6749197e-15   2.1227214e-17
       11150.000   2.6832516e-15   2.1336360e-17
       11160.000   2.6947917e-15   2.1436811e-17
       11170.000   2.7063318e-15   2.1537261e-17
       11180.000   2.7178719e-15   2.1637712e-17
       11190.000   2.7291964e-15   2.1814076e-17
       11200.000   2.7404098e-15   2.2029554e-17
       11210.000   2.7516232e-15   2.2245032e-17
       11220.000   2.7628367e-15   2.2460510e-17
       11230.000   2.7684000e-15   2.2645233e-17
       11240.000   2.7680836e-15   2.2797949e-17
       11250.000   2.7677672e-15   2.2950666e-17
       11260.000   2.7674509e-15   2.3103382e-17
       11270.000   2.7636022e-15   2.3191419e-17
       11280.000   2.7522483e-15   2.3142022e-17
       11290.000   2.7408943e-15   2.3092626e-17
       11300.000   2.7295404e-15   2.3043229e-17
       11310.000   2.7158368e-15   2.2981175e-17
       11320.000   2.6864057e-15   2.2834402e-17
       11330.000   2.6569746e-15   2.2687629e-17
       11340.000   2.6275435e-15   2.2540855e-17
       11350.000   2.5981123e-15   2.2394082e-17
       11360.000   2.5917277e-15   2.2363677e-17
       11370.000   2.5868131e-15   2.2340696e-17
       11380.000   2.5818985e-15   2.2317714e-17
       11390.000   2.5769839e-15   2.2294732e-17
       11400.000   2.5876054e-15   2.2173528e-17
       11410.000   2.6036872e-15   2.2017804e-17
       11420.000   2.6197690e-15   2.1862080e-17
       11430.000   2.6358507e-15   2.1706355e-17
       11440.000   2.6688653e-15   2.1677976e-17
       11450.000   2.7168970e-15   2.1762533e-17
       11460.000   2.7649287e-15   2.1847091e-17
       11470.000   2.8129604e-15   2.1931648e-17
       11480.000   2.8562224e-15   2.2014031e-17
       11490.000   2.8893453e-15   2.2091790e-17
       11500.000   2.9224682e-15   2.2169548e-17
       11510.000   2.9555911e-15   2.2247307e-17
       11520.000   2.9850826e-15   2.2292943e-17
       11530.000   2.9818565e-15   2.2049154e-17
       11540.000   2.9786303e-15   2.1805365e-17
       11550.000   2.9754041e-15   2.1561577e-17
       11560.000   2.9721780e-15   2.1317788e-17
       11570.000   2.9555224e-15   2.1128262e-17
       11580.000   2.9370369e-15   2.0946131e-17
       11590.000   2.9185515e-15   2.0764000e-17
       11600.000   2.9000660e-15   2.0581869e-17
       11610.000   2.8805010e-15   2.0354242e-17
       11620.000   2.8603546e-15   2.0102117e-17
       11630.000   2.8402082e-15   1.9849992e-17
       11640.000   2.8200618e-15   1.9597867e-17
       11650.000   2.8015249e-15   1.9371768e-17
       11660.000   2.7853044e-15   1.9183128e-17
       11670.000   2.7690838e-15   1.8994487e-17
       11680.000   2.7528633e-15   1.8805847e-17
       11690.000   2.7324281e-15   1.8615370e-17
       11700.000   2.6914041e-15   1.8415922e-17
       11710.000   2.6503800e-15   1.8216473e-17
       11720.000   2.6093560e-15   1.8017025e-17
       11730.000   2.5683319e-15   1.7817577e-17
       11740.000   2.5737955e-15   1.7725338e-17
       11750.000   2.5833005e-15   1.7642419e-17
       11760.000   2.5928054e-15   1.7559499e-17
       11770.000   2.6023103e-15   1.7476580e-17
       11780.000   2.6154861e-15   1.7411026e-17
       11790.000   2.6304696e-15   1.7354023e-17
       11800.000   2.6454532e-15   1.7297021e-17
       11810.000   2.6604368e-15   1.7240018e-17
       11820.000   2.6784019e-15   1.7202014e-17
       11830.000   2.7006565e-15   1.7191343e-17
       11840.000   2.7229111e-15   1.7180671e-17
       11850.000   2.7451656e-15   1.7170000e-17
       11860.000   2.7626157e-15   1.7159132e-17
       11870.000   2.7528399e-15   1.7147149e-17
       11880.000   2.7430640e-15   1.7135165e-17
       11890.000   2.7332882e-15   1.7123182e-17
       11900.000   2.7235124e-15   1.7111198e-17
       11910.000   2.6955602e-15   1.7121353e-17
       11920.000   2.6651288e-15   1.7134527e-17
       11930.000   2.6346975e-15   1.7147701e-17
       11940.000   2.6042662e-15   1.7160874e-17
       11950.000   2.5796268e-15   1.7194310e-17
       11960.000   2.5586909e-15   1.7240703e-17
       11970.000   2.5377551e-15   1.7287096e-17
       11980.000   2.5168192e-15   1.7333489e-17
       11990.000   2.5023442e-15   1.7371186e-17
