       3000.0000   1.2871444e-22       0.0000000
       3010.0000   1.3906888e-22       0.0000000
       3020.0000   1.5017104e-22       0.0000000
       3030.0000   1.6206847e-22       0.0000000
       3040.0000   1.7481129e-22       0.0000000
       3050.0000   1.8845229e-22       0.0000000
       3060.0000   2.0304712e-22       0.0000000
       3070.0000   2.1865433e-22       0.0000000
       3080.0000   2.3533555e-22       0.0000000
       3090.0000   2.5315558e-22       0.0000000
       3100.0000   2.7218255e-22       0.0000000
       3110.0000   2.9248806e-22       0.0000000
       3120.0000   3.1414729e-22       0.0000000
       3130.0000   3.3723917e-22       0.0000000
       3140.0000   3.6184652e-22       0.0000000
       3150.0000   3.8805622e-22       0.0000000
       3160.0000   4.1595931e-22       0.0000000
       3170.0000   4.4565124e-22       0.0000000
       3180.0000   4.7723196e-22       0.0000000
       3190.0000   5.1080612e-22       0.0000000
       3200.0000   5.4648325e-22       0.0000000
       3210.0000   5.8437791e-22       0.0000000
       3220.0000   6.2460990e-22       0.0000000
       3230.0000   6.6730445e-22       0.0000000
       3240.0000   7.1259238e-22       0.0000000
       3250.0000   7.6061032e-22       0.0000000
       3260.0000   8.1150091e-22       0.0000000
       3270.0000   8.6541299e-22       0.0000000
       3280.0000   9.2250182e-22       0.0000000
       3290.0000   9.8292928e-22       0.0000000
       3300.0000   1.0468641e-21       0.0000000
       3310.0000   1.1144821e-21       0.0000000
       3320.0000   1.1859664e-21       0.0000000
       3330.0000   1.2615076e-21       0.0000000
       3340.0000   1.3413041e-21       0.0000000
       3350.0000   1.4255623e-21       0.0000000
       3360.0000   1.5144968e-21       0.0000000
       3370.0000   1.6083307e-21       0.0000000
       3380.0000   1.7072959e-21       0.0000000
       3390.0000   1.8116334e-21       0.0000000
       3400.0000   1.9215932e-21       0.0000000
       3410.0000   2.0374349e-21       0.0000000
       3420.0000   2.1594282e-21       0.0000000
       3430.0000   2.2878524e-21       0.0000000
       3440.0000   2.4229976e-21       0.0000000
       3450.0000   2.5651642e-21       0.0000000
       3460.0000   2.7146637e-21       0.0000000
       3470.0000   2.8718187e-21       0.0000000
       3480.0000   3.0369633e-21       0.0000000
       3490.0000   3.2104436e-21       0.0000000
       3500.0000   3.3926176e-21       0.0000000
       3510.0000   3.5838557e-21       0.0000000
       3520.0000   3.7845411e-21       0.0000000
       3530.0000   3.9950701e-21       0.0000000
       3540.0000   4.2158521e-21       0.0000000
       3550.0000   4.4473104e-21       0.0000000
       3560.0000   4.6898821e-21       0.0000000
       3570.0000   4.9440189e-21       0.0000000
       3580.0000   5.2101866e-21       0.0000000
       3590.0000   5.4888666e-21       0.0000000
       3600.0000   5.7805552e-21       0.0000000
       3610.0000   6.0857645e-21       0.0000000
       3620.0000   6.4050225e-21       0.0000000
       3630.0000   6.7388735e-21       0.0000000
       3640.0000   7.0878786e-21       0.0000000
       3650.0000   7.4526158e-21       0.0000000
       3660.0000   7.8336805e-21       0.0000000
       3670.0000   8.2316859e-21       0.0000000
       3680.0000   8.6472631e-21       0.0000000
       3690.0000   9.0810618e-21       0.0000000
       3700.0000   9.5337504e-21       0.0000000
       3710.0000   1.0006016e-20       0.0000000
       3720.0000   1.0498567e-20       0.0000000
       3730.0000   1.1012129e-20       0.0000000
       3740.0000   1.1547449e-20       0.0000000
       3750.0000   1.2105296e-20       0.0000000
       3760.0000   1.2686458e-20       0.0000000
       3770.0000   1.3291745e-20       0.0000000
       3780.0000   1.3921989e-20       0.0000000
       3790.0000   1.4578043e-20       0.0000000
       3800.0000   1.5260784e-20       0.0000000
       3810.0000   1.5971111e-20       0.0000000
       3820.0000   1.6709945e-20       0.0000000
       3830.0000   1.7478233e-20       0.0000000
       3840.0000   1.8276945e-20       0.0000000
       3850.0000   1.9107073e-20       0.0000000
       3860.0000   1.9969637e-20       0.0000000
       3870.0000   2.0865679e-20       0.0000000
       3880.0000   2.1796270e-20       0.0000000
       3890.0000   2.2762502e-20       0.0000000
       3900.0000   2.3765498e-20       0.0000000
       3910.0000   2.4806403e-20       0.0000000
       3920.0000   2.5886392e-20       0.0000000
       3930.0000   2.7006666e-20       0.0000000
       3940.0000   2.8168453e-20       0.0000000
       3950.0000   2.9373010e-20       0.0000000
       3960.0000   3.0621621e-20       0.0000000
       3970.0000   3.1915600e-20       0.0000000
       3980.0000   3.3256288e-20       0.0000000
       3990.0000   3.4645058e-20       0.0000000
       4000.0000   3.6083309e-20       0.0000000
       4010.0000   3.7572473e-20       0.0000000
       4020.0000   3.9114011e-20       0.0000000
       4030.0000   4.0709415e-20       0.0000000
       4040.0000   4.2360208e-20       0.0000000
       4050.0000   4.4067943e-20       0.0000000
       4060.0000   4.5834206e-20       0.0000000
       4070.0000   4.7660615e-20       0.0000000
       4080.0000   4.9548819e-20       0.0000000
       4090.0000   5.1500500e-20       0.0000000
       4100.0000   5.3517374e-20       0.0000000
       4110.0000   5.5601188e-20       0.0000000
       4120.0000   5.7753723e-20       0.0000000
       4130.0000   5.9976796e-20       0.0000000
       4140.0000   6.2272256e-20       0.0000000
       4150.0000   6.4641985e-20       0.0000000
       4160.0000   6.7087902e-20       0.0000000
       4170.0000   6.9611959e-20       0.0000000
       4180.0000   7.2216145e-20       0.0000000
       4190.0000   7.4902483e-20       0.0000000
       4200.0000   7.7673031e-20       0.0000000
       4210.0000   8.0529885e-20       0.0000000
       4220.0000   8.3475174e-20       0.0000000
       4230.0000   8.6511066e-20       0.0000000
       4240.0000   8.9639764e-20       0.0000000
       4250.0000   9.2863509e-20       0.0000000
       4260.0000   9.6184578e-20       0.0000000
       4270.0000   9.9605284e-20       0.0000000
       4280.0000   1.0312798e-19       0.0000000
       4290.0000   1.0675506e-19       0.0000000
       4300.0000   1.1048894e-19       0.0000000
       4310.0000   1.1433209e-19       0.0000000
       4320.0000   1.1828702e-19       0.0000000
       4330.0000   1.2235626e-19       0.0000000
       4340.0000   1.2654240e-19       0.0000000
       4350.0000   1.3084805e-19       0.0000000
       4360.0000   1.3527587e-19       0.0000000
       4370.0000   1.3982856e-19       0.0000000
       4380.0000   1.4450884e-19       0.0000000
       4390.0000   1.4931951e-19       0.0000000
       4400.0000   1.5426336e-19       0.0000000
       4410.0000   1.5934325e-19       0.0000000
       4420.0000   1.6456207e-19       0.0000000
       4430.0000   1.6992275e-19       0.0000000
       4440.0000   1.7542827e-19       0.0000000
       4450.0000   1.8108163e-19       0.0000000
       4460.0000   1.8688589e-19       0.0000000
       4470.0000   1.9284413e-19       0.0000000
       4480.0000   1.9895948e-19       0.0000000
       4490.0000   2.0523511e-19       0.0000000
       4500.0000   2.1167424e-19       0.0000000
       4510.0000   2.1828010e-19       0.0000000
       4520.0000   2.2505599e-19       0.0000000
       4530.0000   2.3200524e-19       0.0000000
       4540.0000   2.3913122e-19       0.0000000
       4550.0000   2.4643733e-19       0.0000000
       4560.0000   2.5392702e-19       0.0000000
       4570.0000   2.6160377e-19       0.0000000
       4580.0000   2.6947113e-19       0.0000000
       4590.0000   2.7753265e-19       0.0000000
       4600.0000   2.8579194e-19       0.0000000
       4610.0000   2.9425265e-19       0.0000000
       4620.0000   3.0291845e-19       0.0000000
       4630.0000   3.1179309e-19       0.0000000
       4640.0000   3.2088031e-19       0.0000000
       4650.0000   3.3018393e-19       0.0000000
       4660.0000   3.3970779e-19       0.0000000
       4670.0000   3.4945576e-19       0.0000000
       4680.0000   3.5943177e-19       0.0000000
       4690.0000   3.6963977e-19       0.0000000
       4700.0000   3.8008377e-19       0.0000000
       4710.0000   3.9076779e-19       0.0000000
       4720.0000   4.0169592e-19       0.0000000
       4730.0000   4.1287225e-19       0.0000000
       4740.0000   4.2430095e-19       0.0000000
       4750.0000   4.3598619e-19       0.0000000
       4760.0000   4.4793221e-19       0.0000000
       4770.0000   4.6014325e-19       0.0000000
       4780.0000   4.7262362e-19       0.0000000
       4790.0000   4.8537766e-19       0.0000000
       4800.0000   4.9840973e-19       0.0000000
       4810.0000   5.1172424e-19       0.0000000
       4820.0000   5.2532564e-19       0.0000000
       4830.0000   5.3921839e-19       0.0000000
       4840.0000   5.5340703e-19       0.0000000
       4850.0000   5.6789608e-19       0.0000000
       4860.0000   5.8269015e-19       0.0000000
       4870.0000   5.9779384e-19       0.0000000
       4880.0000   6.1321181e-19       0.0000000
       4890.0000   6.2894874e-19       0.0000000
       4900.0000   6.4500936e-19       0.0000000
       4910.0000   6.6139841e-19       0.0000000
       4920.0000   6.7812069e-19       0.0000000
       4930.0000   6.9518100e-19       0.0000000
       4940.0000   7.1258421e-19       0.0000000
       4950.0000   7.3033519e-19       0.0000000
       4960.0000   7.4843885e-19       0.0000000
       4970.0000   7.6690014e-19       0.0000000
       4980.0000   7.8572404e-19       0.0000000
       4990.0000   8.0491554e-19       0.0000000
       5000.0000   8.2447969e-19       0.0000000
       5010.0000   8.4442155e-19       0.0000000
       5020.0000   8.6474622e-19       0.0000000
       5030.0000   8.8545880e-19       0.0000000
       5040.0000   9.0656447e-19       0.0000000
       5050.0000   9.2806838e-19       0.0000000
       5060.0000   9.4997575e-19       0.0000000
       5070.0000   9.7229181e-19       0.0000000
       5080.0000   9.9502182e-19       0.0000000
       5090.0000   1.0181711e-18       0.0000000
       5100.0000   1.0417448e-18       0.0000000
       5110.0000   1.0657485e-18       0.0000000
       5120.0000   1.0901874e-18       0.0000000
       5130.0000   1.1150669e-18       0.0000000
       5140.0000   1.1403924e-18       0.0000000
       5150.0000   1.1661694e-18       0.0000000
       5160.0000   1.1924033e-18       0.0000000
       5170.0000   1.2190996e-18       0.0000000
       5180.0000   1.2462638e-18       0.0000000
       5190.0000   1.2739013e-18       0.0000000
       5200.0000   1.3020178e-18       0.0000000
       5210.0000   1.3306188e-18       0.0000000
       5220.0000   1.3597098e-18       0.0000000
       5230.0000   1.3892965e-18       0.0000000
       5240.0000   1.4193845e-18       0.0000000
       5250.0000   1.4499793e-18       0.0000000
       5260.0000   1.4810867e-18       0.0000000
       5270.0000   1.5127124e-18       0.0000000
       5280.0000   1.5448619e-18       0.0000000
       5290.0000   1.5775410e-18       0.0000000
       5300.0000   1.6107554e-18       0.0000000
       5310.0000   1.6445109e-18       0.0000000
       5320.0000   1.6788131e-18       0.0000000
       5330.0000   1.7136679e-18       0.0000000
       5340.0000   1.7490810e-18       0.0000000
       5350.0000   1.0369666e-17   3.6387448e-17
       5360.0000   2.3775164e-17   3.5811245e-17
       5370.0000  -1.5796515e-18   3.5203774e-17
       5380.0000  -1.7610302e-17   3.4949163e-17
       5390.0000   9.2178298e-18   3.5216176e-17
       5400.0000  -1.4797588e-18   3.3807581e-17
       5410.0000   1.8420203e-17   3.3699022e-17
       5420.0000  -6.2330932e-18   3.3776844e-17
       5430.0000   1.8409538e-17   3.2888219e-17
       5440.0000   6.3348604e-18   3.2615175e-17
       5450.0000   5.4390250e-18   3.2194303e-17
       5460.0000   3.3505533e-18   4.0679075e-17
       5470.0000   9.5763427e-18   3.0183161e-17
       5480.0000   1.1303465e-17   2.9272701e-17
       5490.0000   3.6521518e-18   2.7935265e-17
       5500.0000   6.7959942e-19   2.6921941e-17
       5510.0000   6.7441872e-19   2.6620655e-17
       5520.0000   3.0325824e-18   2.6720764e-17
       5530.0000   3.0948587e-18   2.5663245e-17
       5540.0000   8.8075377e-18   2.6091804e-17
       5550.0000   1.3875505e-17   2.5975678e-17
       5560.0000  -7.5909187e-18   2.6344926e-17
       5570.0000  -2.0927600e-17   3.7869931e-17
       5580.0000   7.5954608e-17   5.4074180e-17
       5590.0000  -1.9386645e-18   2.5386999e-17
       5600.0000  -5.4930917e-18   2.4804672e-17
       5610.0000  -9.1949876e-19   2.4481440e-17
       5620.0000  -5.4177271e-18   2.3929141e-17
       5630.0000   2.7434300e-18   2.3244275e-17
       5640.0000   1.1147377e-18   2.2784920e-17
       5650.0000   1.0905005e-17   2.2201690e-17
       5660.0000  -5.7594988e-18   2.1947320e-17
       5670.0000   5.5928027e-18   2.3471865e-17
       5680.0000  -3.8202662e-18   2.5654673e-17
       5690.0000   2.4491349e-17   2.7112590e-17
       5700.0000  -1.0380303e-17   2.1443587e-17
       5710.0000  -4.1248663e-18   1.9911345e-17
       5720.0000  -1.4896938e-18   1.9201423e-17
       5730.0000   8.9041509e-18   1.8456241e-17
       5740.0000   2.0589192e-18   1.8215276e-17
       5750.0000   4.4055465e-19   1.7941686e-17
       5760.0000  -9.3473262e-19   1.8384352e-17
       5770.0000  -3.3723715e-18   2.0603439e-17
       5780.0000   1.0694839e-17   1.8210716e-17
       5790.0000  -1.0173920e-18   2.0407127e-17
       5800.0000   4.1167558e-18   1.8178592e-17
       5810.0000  -5.2551865e-18   1.8052276e-17
       5820.0000   3.6465575e-19   1.8226280e-17
       5830.0000   2.2769325e-18   1.8343468e-17
       5840.0000   3.8204753e-18   1.8566239e-17
       5850.0000   6.7821798e-18   1.8458421e-17
       5860.0000  -1.1479434e-17   1.8532824e-17
       5870.0000  -5.1524168e-18   1.8511859e-17
       5880.0000  -5.2886869e-18   1.6892936e-17
       5890.0000   3.6107350e-18   2.5389353e-17
       5900.0000  -1.2674018e-18   1.7749702e-17
       5910.0000  -5.9392593e-18   1.6733274e-17
       5920.0000   4.2519706e-18   1.6860218e-17
       5930.0000   1.1801357e-18   1.7360220e-17
       5940.0000  -3.5858233e-18   1.6396939e-17
       5950.0000  -3.2776823e-19   1.6528437e-17
       5960.0000   3.9540210e-18   2.0231580e-17
       5970.0000  -1.6168185e-18   1.5786240e-17
       5980.0000   9.0588711e-18   1.5298295e-17
       5990.0000   3.3872782e-18   1.4816441e-17
       6000.0000   2.7780212e-18   1.4620611e-17
       6010.0000   4.7698101e-18   1.4056525e-17
       6020.0000  -3.0885509e-18   1.3746534e-17
       6030.0000   3.5249073e-18   1.3775476e-17
       6040.0000   1.9289934e-17   1.3424414e-17
       6050.0000   2.8805035e-18   1.3261741e-17
       6060.0000   1.7775876e-17   1.3091795e-17
       6070.0000   6.7017473e-18   1.2976331e-17
       6080.0000   7.9797386e-18   1.2710072e-17
       6090.0000   7.8809776e-18   1.2491587e-17
       6100.0000   2.5257741e-18   1.2578248e-17
       6110.0000   2.6619710e-17   1.3113670e-17
       6120.0000   8.1394506e-18   1.2379673e-17
       6130.0000   1.4936838e-17   1.2156669e-17
       6140.0000  -1.5703229e-18   1.2313073e-17
       6150.0000   1.4198750e-17   1.2740618e-17
       6160.0000   4.6379208e-18   1.3267511e-17
       6170.0000   9.3452307e-18   1.1840765e-17
       6180.0000   1.7511165e-17   1.1636213e-17
       6190.0000   6.7083602e-18   1.1431524e-17
       6200.0000   1.6432762e-17   1.1447140e-17
       6210.0000   1.5134626e-17   1.1374477e-17
       6220.0000   1.1374820e-17   1.1216204e-17
       6230.0000   5.9458148e-18   1.1399386e-17
       6240.0000   2.2619057e-17   1.1717778e-17
       6250.0000   6.6900284e-18   1.0795131e-17
       6260.0000   1.3435257e-17   1.1465938e-17
       6270.0000   1.1221584e-17   1.0440287e-17
       6280.0000   1.0339319e-17   1.0061008e-17
       6290.0000   5.1466755e-18   1.0662324e-17
       6300.0000   4.6971086e-17   1.8103039e-17
       6310.0000   1.0340027e-17   1.0247825e-17
       6320.0000   8.7578527e-18   1.0032895e-17
       6330.0000   1.2062804e-17   1.0488109e-17
       6340.0000   2.4625138e-17   9.8063555e-18
       6350.0000   2.2920942e-17   1.0138712e-17
       6360.0000   1.6381858e-17   1.1752085e-17
       6370.0000   2.5216696e-17   9.8429186e-18
       6380.0000   1.1754085e-17   9.9563733e-18
       6390.0000   2.0631997e-17   9.7134443e-18
       6400.0000   1.3547675e-17   9.6653247e-18
       6410.0000   1.7770661e-17   9.7210134e-18
       6420.0000   2.0986722e-17   9.7088682e-18
       6430.0000   1.8783533e-17   9.6100552e-18
       6440.0000   2.0097470e-17   9.6483959e-18
       6450.0000   2.3765552e-17   9.8101314e-18
       6460.0000   2.2706232e-17   1.0154480e-17
       6470.0000   1.8027621e-17   1.0249471e-17
       6480.0000   2.1543165e-17   9.7308669e-18
       6490.0000   1.7126813e-17   9.7431333e-18
       6500.0000   2.3226797e-17   1.0726913e-17
       6510.0000   2.4601496e-17   9.9371510e-18
       6520.0000   2.7569603e-17   1.0055122e-17
       6530.0000   2.9554232e-17   1.0699484e-17
       6540.0000   4.1097504e-17   1.0285442e-17
       6550.0000   3.3141283e-17   1.0679035e-17
       6560.0000   3.7457736e-17   1.0125808e-17
       6570.0000   3.6718383e-17   1.0212345e-17
       6580.0000   2.9298151e-17   1.0365983e-17
       6590.0000   3.9677491e-17   1.0036540e-17
       6600.0000   4.0195198e-17   1.0286924e-17
       6610.0000   4.0819350e-17   9.9626923e-18
       6620.0000   4.7693513e-17   9.9702598e-18
       6630.0000   4.5213952e-17   1.0031397e-17
       6640.0000   4.1440564e-17   9.8658493e-18
       6650.0000   4.7535724e-17   9.8563636e-18
       6660.0000   4.6703589e-17   9.9353466e-18
       6670.0000   5.0029737e-17   9.9249701e-18
       6680.0000   4.9921637e-17   9.8308511e-18
       6690.0000   4.5062510e-17   9.8591190e-18
       6700.0000   3.3367976e-17   9.9721627e-18
       6710.0000   4.0198446e-17   1.0012816e-17
       6720.0000   4.1339013e-17   9.7892629e-18
       6730.0000   5.4062733e-17   9.8755766e-18
       6740.0000   5.1714004e-17   9.8302921e-18
       6750.0000   5.5856565e-17   9.6499270e-18
       6760.0000   6.3131555e-17   9.6945306e-18
       6770.0000   5.4177406e-17   9.6079576e-18
       6780.0000   4.8451098e-17   9.5825282e-18
       6790.0000   5.2197495e-17   9.6044248e-18
       6800.0000   3.5766085e-17   9.5612718e-18
       6810.0000   5.1928372e-17   9.5218314e-18
       6820.0000   4.1593610e-17   9.6901209e-18
       6830.0000   5.0448781e-17   1.1498591e-17
       6840.0000   5.4464756e-17   9.8328046e-18
       6850.0000   4.3643960e-17   9.4787917e-18
       6860.0000   5.0059586e-17   1.1354939e-17
       6870.0000   2.4827861e-17   7.2817041e-18
       6880.0000   4.3844821e-17   8.5987551e-18
       6890.0000   4.0220837e-17   8.3242323e-18
       6900.0000   4.0102661e-17   8.7031710e-18
       6910.0000   4.6342514e-17   9.0422341e-18
       6920.0000   4.5401486e-17   1.9548190e-17
       6930.0000   4.3071029e-17   2.4753659e-17
       6940.0000   4.4374425e-17   9.7111112e-18
       6950.0000   5.7066435e-17   1.0430025e-17
       6960.0000   5.0934649e-17   9.5354125e-18
       6970.0000   5.2311422e-17   1.0114677e-17
       6980.0000   4.7626603e-17   1.0068635e-17
       6990.0000   4.6132725e-17   9.5411141e-18
       7000.0000   5.1095471e-17   9.7096641e-18
       7010.0000   5.8180571e-17   9.9422198e-18
       7020.0000   6.0622405e-17   9.4936408e-18
       7030.0000   6.3286964e-17   9.6378035e-18
       7040.0000   6.8248709e-17   9.8949486e-18
       7050.0000   6.9495140e-17   1.0188847e-17
       7060.0000   6.7019368e-17   9.8771399e-18
       7070.0000   7.1751182e-17   9.9164531e-18
       7080.0000   6.8422169e-17   1.0010501e-17
       7090.0000   7.3468984e-17   9.9075940e-18
       7100.0000   7.7242106e-17   9.6577891e-18
       7110.0000   7.8742557e-17   9.6637090e-18
       7120.0000   7.7668165e-17   9.6508459e-18
       7130.0000   7.3324414e-17   9.6757249e-18
       7140.0000   8.1396486e-17   9.8104465e-18
       7150.0000   9.0362987e-17   9.5764969e-18
       7160.0000   8.3875310e-17   9.5334319e-18
       7170.0000   8.0192802e-17   9.0621186e-18
       7180.0000   6.7744162e-17   8.8978195e-18
       7190.0000   8.2270008e-17   8.6184109e-18
       7200.0000   8.7192633e-17   8.6357677e-18
       7210.0000   8.5815789e-17   9.0638388e-18
       7220.0000   9.6146968e-17   9.2364057e-18
       7230.0000   9.1836692e-17   9.2431805e-18
       7240.0000   8.2687434e-17   1.3748284e-17
       7250.0000   9.1962403e-17   9.8873643e-18
       7260.0000   9.6699343e-17   9.0921656e-18
       7270.0000   9.8401877e-17   1.1122514e-17
       7280.0000   9.9698020e-17   1.1687257e-17
       7290.0000   9.4744371e-17   9.2541034e-18
       7300.0000   9.7167909e-17   1.0056561e-17
       7310.0000   9.7377328e-17   1.0941808e-17
       7320.0000   1.0073491e-16   1.0124163e-17
       7330.0000   9.8322599e-17   1.0520469e-17
       7340.0000   1.0957481e-16   1.3691404e-17
       7350.0000   1.0267835e-16   9.5361990e-18
       7360.0000   9.3766908e-17   1.0380211e-17
       7370.0000   1.0144834e-16   1.1587314e-17
       7380.0000   9.8238993e-17   9.1111056e-18
       7390.0000   9.4043354e-17   1.0187682e-17
       7400.0000   1.1242514e-16   1.1526200e-17
       7410.0000   1.0740105e-16   9.0540818e-18
       7420.0000   9.0549025e-17   9.0284341e-18
       7430.0000   9.5684165e-17   9.8094216e-18
       7440.0000   9.7264184e-17   9.7489428e-18
       7450.0000   8.5217139e-17   8.9402526e-18
       7460.0000   9.7462959e-17   9.4462742e-18
       7470.0000   8.1744345e-17   1.0412893e-17
       7480.0000   8.4105239e-17   1.0746432e-17
       7490.0000   9.2094491e-17   9.2947526e-18
       7500.0000   8.8074885e-17   8.9781037e-18
       7510.0000   8.2076864e-17   8.9612973e-18
       7520.0000   9.2830466e-17   1.2018610e-17
       7530.0000   8.3388182e-17   9.8828158e-18
       7540.0000   8.3482234e-17   9.2308809e-18
       7550.0000   7.8448064e-17   9.1847456e-18
       7560.0000   6.4304133e-17   9.2495442e-18
       7570.0000   8.8184456e-17   1.1489639e-17
       7580.0000   6.4755545e-17   9.1968581e-18
       7590.0000   7.5771830e-17   8.3819533e-18
       7600.0000   2.5554328e-17   7.8990246e-18
       7610.0000   2.2301585e-17   6.7269096e-18
       7620.0000   5.0629880e-17   7.2412091e-18
       7630.0000   1.4844367e-17   7.0205574e-18
       7640.0000   1.9345600e-17   6.2765928e-18
       7650.0000   8.4642804e-18   7.1075787e-18
       7660.0000   1.1181085e-17   8.5290150e-18
       7670.0000   1.8962145e-17   8.0324671e-18
       7680.0000   5.5732807e-18   8.6826206e-18
       7690.0000   1.4243894e-17   9.1742641e-18
       7700.0000   8.4964085e-18   9.5922898e-18
       7710.0000   3.0848525e-17   1.5618784e-17
       7720.0000   2.0320002e-17   1.2011223e-17
       7730.0000   4.2675252e-17   9.7195701e-18
       7740.0000   3.7423101e-17   9.4596866e-18
       7750.0000   6.0692275e-17   1.6177081e-17
       7760.0000   8.0999049e-17   1.1473481e-17
       7770.0000   6.1786766e-17   1.0278347e-17
       7780.0000   8.8573843e-17   1.0894819e-17
       7790.0000   7.0211133e-17   1.4841030e-17
       7800.0000   3.0728601e-17   9.6635827e-18
       7810.0000   8.1241007e-17   1.1150303e-17
       7820.0000   1.0389363e-16   1.5970451e-17
       7830.0000   8.3811882e-17   9.3548715e-18
       7840.0000   1.0029315e-16   1.1549725e-17
       7850.0000   1.3391195e-16   1.6182198e-17
       7860.0000   1.1164538e-16   1.2583822e-17
       7870.0000   1.1871164e-16   1.3040427e-17
       7880.0000   1.3580231e-16   1.2293192e-17
       7890.0000   1.3302981e-16   1.2983326e-17
       7900.0000   1.3538713e-16   9.6050210e-18
       7910.0000   1.4437842e-16   1.6903561e-17
       7920.0000   1.5044568e-16   1.3159396e-17
       7930.0000   1.4172660e-16   1.2124821e-17
       7940.0000   1.4491366e-16   9.6711394e-18
       7950.0000   1.1105861e-16   1.0591197e-17
       7960.0000   1.6478223e-16   1.4134846e-17
       7970.0000   1.5502259e-16   1.0462633e-17
       7980.0000   1.6995668e-16   1.1491904e-17
       7990.0000   1.6384052e-16   1.5572202e-17
       8000.0000   1.8389608e-16   9.7156291e-18
       8010.0000   1.8319441e-16   1.0876253e-17
       8020.0000   1.8909963e-16   1.2791657e-17
       8030.0000   1.9293384e-16   1.0604513e-17
       8040.0000   1.9504302e-16   9.2454405e-18
       8050.0000   2.1155173e-16   1.0586863e-17
       8060.0000   2.0667532e-16   1.1945002e-17
       8070.0000   2.2717140e-16   9.4939323e-18
       8080.0000   2.2660084e-16   9.6184342e-18
       8090.0000   2.3251681e-16   9.8365688e-18
       8100.0000   2.1783838e-16   1.0534722e-17
       8110.0000   2.3489401e-16   9.4768604e-18
       8120.0000   2.4357637e-16   9.4332193e-18
       8130.0000   2.5410950e-16   9.4739454e-18
       8140.0000   2.4885136e-16   9.7524599e-18
       8150.0000   2.3962200e-16   9.3643042e-18
       8160.0000   2.3166828e-16   9.2830308e-18
       8170.0000   2.6825200e-16   1.0465523e-17
       8180.0000   2.3771791e-16   1.3934089e-17
       8190.0000   2.3190802e-16   1.4668722e-17
       8200.0000   2.4086916e-16   1.3123823e-17
       8210.0000   2.9328773e-16   1.1260037e-17
       8220.0000   2.8719202e-16   1.0104795e-17
       8230.0000   2.8641393e-16   9.4361460e-18
       8240.0000   3.0360622e-16   1.0150652e-17
       8250.0000   3.3403579e-16   1.0324283e-17
       8260.0000   3.1739232e-16   1.0107346e-17
       8270.0000   3.1094361e-16   1.0602891e-17
       8280.0000   3.2095448e-16   1.5580935e-17
       8290.0000   3.2477294e-16   1.5353643e-17
       8300.0000   3.2444727e-16   1.4835152e-17
       8310.0000   3.2823559e-16   1.2361609e-17
       8320.0000   3.4390578e-16   1.0361222e-17
       8330.0000   3.4877252e-16   1.0292755e-17
       8340.0000   3.5029737e-16   2.1629684e-17
       8350.0000   3.4676370e-16   1.6496274e-17
       8360.0000   3.5760261e-16   1.2741820e-17
       8370.0000   3.8000365e-16   1.0956635e-17
       8380.0000   4.0208724e-16   1.4728696e-17
       8390.0000   3.7488832e-16   1.2713729e-17
       8400.0000   4.1729144e-16   1.9247895e-17
       8410.0000   4.0922860e-16   1.4218684e-17
       8420.0000   4.0165630e-16   1.2590364e-17
       8430.0000   4.2183747e-16   2.1422495e-17
       8440.0000   3.8317914e-16   1.1009233e-17
       8450.0000   3.7985661e-16   1.4881540e-17
       8460.0000   3.6368986e-16   1.7036634e-17
       8470.0000   3.5627554e-16   1.2297647e-17
       8480.0000   3.6494609e-16   1.0837693e-17
       8490.0000   3.7087122e-16   1.3447817e-17
       8500.0000   3.8289278e-16   1.5405118e-17
       8510.0000   3.7665399e-16   1.1490792e-17
       8520.0000   2.7975114e-16   1.0691900e-17
       8530.0000   3.9631842e-16   1.1213973e-17
       8540.0000   3.9471948e-16   1.2333217e-17
       8550.0000   4.1931925e-16   1.2922241e-17
       8560.0000   4.2159336e-16   1.1270980e-17
       8570.0000   4.3216283e-16   1.1669301e-17
       8580.0000   4.3820426e-16   1.1704431e-17
       8590.0000   4.6317778e-16   1.2580757e-17
       8600.0000   4.4752895e-16   1.2244618e-17
       8610.0000   3.4997197e-16   1.3604708e-17
       8620.0000   2.8270026e-16   1.9148514e-17
       8630.0000   2.0845281e-16   2.0695220e-17
       8640.0000   2.9048209e-16   1.5548496e-17
       8650.0000   2.9805178e-16   2.0263592e-17
       8660.0000   3.6193509e-16   2.1054778e-17
       8670.0000   3.3841007e-16   1.8296690e-17
       8680.0000   3.3993540e-16   1.5097973e-17
       8690.0000   3.1735820e-16   1.3103728e-17
       8700.0000   2.6382389e-16   1.3023616e-17
       8710.0000   2.2663459e-16   1.1798449e-17
       8720.0000   2.6240496e-16   1.1526438e-17
       8730.0000   3.0392142e-16   1.2007749e-17
       8740.0000   2.9459893e-16   1.2333967e-17
       8750.0000   3.0861154e-16   1.3053025e-17
       8760.0000   3.6131900e-16   2.4542531e-17
       8770.0000   3.6755330e-16   2.2410513e-17
       8780.0000   3.6994473e-16   1.8672351e-17
       8790.0000   3.6206566e-16   1.6955439e-17
       8800.0000   3.4859747e-16   1.2818767e-17
       8810.0000   3.7537912e-16   1.3583359e-17
       8820.0000   4.3047532e-16   2.3599807e-17
       8830.0000   4.2646758e-16   2.7227763e-17
       8840.0000   4.4236630e-16   1.6989418e-17
       8850.0000   4.1906173e-16   1.6208989e-17
       8860.0000   4.2399481e-16   1.7055854e-17
       8870.0000   3.6781629e-16   1.6305027e-17
       8880.0000   4.5728793e-16   2.5153013e-17
       8890.0000   4.8964798e-16   1.8142786e-17
       8900.0000   4.1353496e-16   1.9060193e-17
       8910.0000   3.8615231e-16   1.6201831e-17
       8920.0000   3.9673106e-16   1.8144418e-17
       8930.0000   4.0730982e-16   2.0087006e-17
       8940.0000   4.2014562e-16   1.9522370e-17
       8950.0000   4.3549568e-16   1.6164801e-17
       8960.0000   4.5084573e-16   1.2807231e-17
       8970.0000   4.6528211e-16   9.9454246e-18
       8980.0000   4.7111435e-16   1.1752268e-17
       8990.0000   4.7694659e-16   1.3559112e-17
       9000.0000   4.8277883e-16   1.5365955e-17
       9010.0000   4.8808987e-16   1.6949711e-17
       9020.0000   4.9317753e-16   1.8437857e-17
       9030.0000   4.9826519e-16   1.9926003e-17
       9040.0000   5.0636372e-16   1.9891531e-17
       9050.0000   5.2197760e-16   1.6056489e-17
       9060.0000   5.3759149e-16   1.2221447e-17
       9070.0000   5.5320538e-16   8.3864054e-18
       9080.0000   5.6645347e-16   8.2728493e-18
       9090.0000   5.7929396e-16   8.8004879e-18
       9100.0000   5.9213444e-16   9.3281265e-18
       9110.0000   6.0566119e-16   9.5148111e-18
       9120.0000   6.2020487e-16   9.1962626e-18
       9130.0000   6.3474855e-16   8.8777140e-18
       9140.0000   6.4929223e-16   8.5591654e-18
       9150.0000   6.6069166e-16   1.1398536e-17
       9160.0000   6.7186886e-16   1.4461113e-17
       9170.0000   6.8304606e-16   1.7523691e-17
       9180.0000   6.9342437e-16   1.8820524e-17
       9190.0000   7.0281852e-16   1.7942122e-17
       9200.0000   7.1221267e-16   1.7063719e-17
       9210.0000   7.2160682e-16   1.6185317e-17
       9220.0000   7.2008929e-16   1.9409808e-17
       9230.0000   7.1792499e-16   2.2877493e-17
       9240.0000   7.1576068e-16   2.6345178e-17
       9250.0000   7.1457064e-16   2.6702547e-17
       9260.0000   7.1470931e-16   2.2818053e-17
       9270.0000   7.1484798e-16   1.8933558e-17
       9280.0000   7.1498664e-16   1.5049064e-17
       9290.0000   7.0895559e-16   1.8474128e-17
       9300.0000   7.0211481e-16   2.2858511e-17
       9310.0000   6.9527403e-16   2.7242895e-17
       9320.0000   6.9987510e-16   2.8977321e-17
       9330.0000   7.2791511e-16   2.5283241e-17
       9340.0000   7.5595512e-16   2.1589161e-17
       9350.0000   7.8399513e-16   1.7895081e-17
       9360.0000   8.0139369e-16   1.5165255e-17
       9370.0000   8.1533871e-16   1.2748365e-17
       9380.0000   8.2928372e-16   1.0331475e-17
       9390.0000   8.4027609e-16   8.3363928e-18
       9400.0000   8.3643573e-16   8.4602707e-18
       9410.0000   8.3259537e-16   8.5841486e-18
       9420.0000   8.2875502e-16   8.7080265e-18
       9430.0000   8.3538937e-16   1.0279971e-17
       9440.0000   8.5028785e-16   1.2994380e-17
       9450.0000   8.6518633e-16   1.5708789e-17
       9460.0000   8.8008481e-16   1.8423199e-17
       9470.0000   8.9932520e-16   1.6218146e-17
       9480.0000   9.1886230e-16   1.3676918e-17
       9490.0000   9.3839939e-16   1.1135689e-17
       9500.0000   9.5135132e-16   9.8011516e-18
       9510.0000   9.4864091e-16   1.1336635e-17
       9520.0000   9.4593050e-16   1.2872118e-17
       9530.0000   9.4322009e-16   1.4407601e-17
       9540.0000   9.4167713e-16   1.7205378e-17
       9550.0000   9.4079104e-16   2.0713375e-17
       9560.0000   9.3990494e-16   2.4221372e-17
       9570.0000   9.3901885e-16   2.7729369e-17
       9580.0000   9.3872838e-16   2.3785962e-17
       9590.0000   9.3845763e-16   1.9595980e-17
       9600.0000   9.3818688e-16   1.5405998e-17
       9610.0000   9.4036056e-16   1.2043699e-17
       9620.0000   9.4878717e-16   1.0798635e-17
       9630.0000   9.5721379e-16   9.5535702e-18
       9640.0000   9.6564041e-16   8.3085058e-18
       9650.0000   9.7672701e-16   7.9542645e-18
       9660.0000   9.8976404e-16   8.2532130e-18
       9670.0000   1.0028011e-15   8.5521615e-18
       9680.0000   1.0158381e-15   8.8511100e-18
       9690.0000   1.0294642e-15   9.7216183e-18
       9700.0000   1.0431879e-15   1.0686714e-17
       9710.0000   1.0569115e-15   1.1651810e-17
       9720.0000   1.0691024e-15   1.2714003e-17
       9730.0000   1.0703691e-15   1.4468203e-17
       9740.0000   1.0716359e-15   1.6222403e-17
       9750.0000   1.0729026e-15   1.7976603e-17
       9760.0000   1.0797137e-15   1.9836100e-17
       9770.0000   1.0958038e-15   2.1871825e-17
       9780.0000   1.1118939e-15   2.3907550e-17
       9790.0000   1.1279840e-15   2.5943275e-17
       9800.0000   1.1315525e-15   2.3911571e-17
       9810.0000   1.1270812e-15   1.9268259e-17
       9820.0000   1.1226100e-15   1.4624946e-17
       9830.0000   1.1181387e-15   9.9816335e-18
       9840.0000   1.0869484e-15   8.4650834e-18
       9850.0000   1.0502469e-15   7.5934810e-18
       9860.0000   1.0135453e-15   6.7218786e-18
       9870.0000   9.7678891e-16   5.9455415e-18
       9880.0000   9.3851849e-16   7.7988450e-18
       9890.0000   9.0024807e-16   9.6521485e-18
       9900.0000   8.6197765e-16   1.1505452e-17
       9910.0000   8.2593455e-16   1.3043856e-17
       9920.0000   7.9752053e-16   1.3503657e-17
       9930.0000   7.6910651e-16   1.3963458e-17
       9940.0000   7.4069249e-16   1.4423258e-17
       9950.0000   7.2084621e-16   1.5335861e-17
       9960.0000   7.1369064e-16   1.6919165e-17
       9970.0000   7.0653507e-16   1.8502469e-17
       9980.0000   6.9937950e-16   2.0085773e-17
       9990.0000   7.0390124e-16   2.0075013e-17
       10000.000   7.1737640e-16   1.8842029e-17
       10010.000   7.3085156e-16   1.7609044e-17
       10020.000   7.4432671e-16   1.6376059e-17
       10030.000   7.5365064e-16   1.4735522e-17
       10040.000   7.6136036e-16   1.2936508e-17
       10050.000   7.6907008e-16   1.1137494e-17
       10060.000   7.7677979e-16   9.3384793e-18
       10070.000   7.9220012e-16   8.0580692e-18
       10080.000   8.0898115e-16   6.8691774e-18
       10090.000   8.2576217e-16   5.6802856e-18
       10100.000   8.4254320e-16   4.4913937e-18
       10110.000   8.5215974e-16   5.7884875e-18
       10120.000   8.6155410e-16   7.1626738e-18
       10130.000   8.7094847e-16   8.5368601e-18
       10140.000   8.7952576e-16   1.0009265e-17
       10150.000   8.7871666e-16   1.2609979e-17
       10160.000   8.7790756e-16   1.5210693e-17
       10170.000   8.7709846e-16   1.7811407e-17
       10180.000   8.7673386e-16   1.9779822e-17
       10190.000   8.7839448e-16   1.8867381e-17
       10200.000   8.8005510e-16   1.7954941e-17
       10210.000   8.8171571e-16   1.7042500e-17
       10220.000   8.8507566e-16   1.5878388e-17
       10230.000   8.9327069e-16   1.3998198e-17
       10240.000   9.0146573e-16   1.2118008e-17
       10250.000   9.0966076e-16   1.0237818e-17
       10260.000   9.1975085e-16   9.4096741e-18
       10270.000   9.3368883e-16   1.0717690e-17
       10280.000   9.4762681e-16   1.2025706e-17
       10290.000   9.6156478e-16   1.3333723e-17
       10300.000   9.7854386e-16   1.3607999e-17
       10310.000   1.0002807e-15   1.2265000e-17
       10320.000   1.0220175e-15   1.0922002e-17
       10330.000   1.0437543e-15   9.5790040e-18
       10340.000   1.0603718e-15   9.2753857e-18
       10350.000   1.0702026e-15   1.0349660e-17
       10360.000   1.0800334e-15   1.1423934e-17
       10370.000   1.0898642e-15   1.2498208e-17
       10380.000   1.1020757e-15   1.4273585e-17
       10390.000   1.1169715e-15   1.6839505e-17
       10400.000   1.1318674e-15   1.9405425e-17
       10410.000   1.1467632e-15   2.1971344e-17
       10420.000   1.1564255e-15   2.3269219e-17
       10430.000   1.1606415e-15   2.3247498e-17
       10440.000   1.1648574e-15   2.3225777e-17
       10450.000   1.1690734e-15   2.3204056e-17
       10460.000   1.1742445e-15   2.1893053e-17
       10470.000   1.1803708e-15   1.9292767e-17
       10480.000   1.1864971e-15   1.6692481e-17
       10490.000   1.1926234e-15   1.4092195e-17
       10500.000   1.1967024e-15   1.2831933e-17
       10510.000   1.1987342e-15   1.2911693e-17
       10520.000   1.2007661e-15   1.2991453e-17
       10530.000   1.2027979e-15   1.3071213e-17
       10540.000   1.2043802e-15   1.3127160e-17
       10550.000   1.2054758e-15   1.3157316e-17
       10560.000   1.2065714e-15   1.3187472e-17
       10570.000   1.2076670e-15   1.3217628e-17
       10580.000   1.2120508e-15   1.3913940e-17
       10590.000   1.2202954e-15   1.5392383e-17
       10600.000   1.2285400e-15   1.6870826e-17
       10610.000   1.2367846e-15   1.8349270e-17
       10620.000   1.2436837e-15   1.8835239e-17
       10630.000   1.2487248e-15   1.7950759e-17
       10640.000   1.2537660e-15   1.7066279e-17
       10650.000   1.2588071e-15   1.6181798e-17
       10660.000   1.2689853e-15   1.5219909e-17
       10670.000   1.2875424e-15   1.4131762e-17
       10680.000   1.3060995e-15   1.3043616e-17
       10690.000   1.3246565e-15   1.1955469e-17
       10700.000   1.3394715e-15   1.2215185e-17
       10710.000   1.3463353e-15   1.5338851e-17
       10720.000   1.3531991e-15   1.8462516e-17
       10730.000   1.3600629e-15   2.1586182e-17
       10740.000   1.3664396e-15   2.4069526e-17
       10750.000   1.3714299e-15   2.4730049e-17
       10760.000   1.3764201e-15   2.5390571e-17
       10770.000   1.3814104e-15   2.6051094e-17
       10780.000   1.3897467e-15   2.5823974e-17
       10790.000   1.4133181e-15   2.1555293e-17
       10800.000   1.4368895e-15   1.7286611e-17
       10810.000   1.4604610e-15   1.3017930e-17
       10820.000   1.4835559e-15   9.3606675e-18
       10830.000   1.5018292e-15   1.1889959e-17
       10840.000   1.5201026e-15   1.4419250e-17
       10850.000   1.5383760e-15   1.6948541e-17
       10860.000   1.5566494e-15   1.9477832e-17
       10870.000   1.5617195e-15   1.7388288e-17
       10880.000   1.5667896e-15   1.5298744e-17
       10890.000   1.5718597e-15   1.3209200e-17
       10900.000   1.5769298e-15   1.1119656e-17
       10910.000   1.5774384e-15   1.0302483e-17
       10920.000   1.5773835e-15   9.6425065e-18
       10930.000   1.5773287e-15   8.9825301e-18
       10940.000   1.5772738e-15   8.3225537e-18
       10950.000   1.5729511e-15   1.0011095e-17
       10960.000   1.5674245e-15   1.2362115e-17
       10970.000   1.5618980e-15   1.4713135e-17
       10980.000   1.5563714e-15   1.7064154e-17
       10990.000   1.5558417e-15   1.7882988e-17
       11000.000   1.5578866e-15   1.7912378e-17
       11010.000   1.5599315e-15   1.7941767e-17
       11020.000   1.5619764e-15   1.7971156e-17
       11030.000   1.5631838e-15   1.8061220e-17
       11040.000   1.5636484e-15   1.8205094e-17
       11050.000   1.5641130e-15   1.8348968e-17
       11060.000   1.5645775e-15   1.8492841e-17
       11070.000   1.5634198e-15   1.7442713e-17
       11080.000   1.5597252e-15   1.4525348e-17
       11090.000   1.5560305e-15   1.1607984e-17
       11100.000   1.5523358e-15   8.6906198e-18
       11110.000   1.5496490e-15   6.6777969e-18
       11120.000   1.5501530e-15   7.5287418e-18
       11130.000   1.5506570e-15   8.3796866e-18
       11140.000   1.5511610e-15   9.2306315e-18
       11150.000   1.5524930e-15   9.9740988e-18
       11160.000   1.5633492e-15   9.4812453e-18
       11170.000   1.5742054e-15   8.9883917e-18
       11180.000   1.5850616e-15   8.4955382e-18
       11190.000   1.5959179e-15   8.0026847e-18
       11200.000   1.6033929e-15   1.0611614e-17
       11210.000   1.6105740e-15   1.3490193e-17
       11220.000   1.6177551e-15   1.6368771e-17
       11230.000   1.6249362e-15   1.9247349e-17
       11240.000   1.6265722e-15   2.0205547e-17
       11250.000   1.6263599e-15   2.0523618e-17
       11260.000   1.6261475e-15   2.0841689e-17
       11270.000   1.6259352e-15   2.1159760e-17
       11280.000   1.6163616e-15   1.9049767e-17
       11290.000   1.5997264e-15   1.5108222e-17
       11300.000   1.5830913e-15   1.1166677e-17
       11310.000   1.5664561e-15   7.2251318e-18
       11320.000   1.5492100e-15   4.7121738e-18
       11330.000   1.5309669e-15   4.5302616e-18
       11340.000   1.5127239e-15   4.3483494e-18
       11350.000   1.4944808e-15   4.1664372e-18
       11360.000   1.4797950e-15   4.6536384e-18
       11370.000   1.4802803e-15   7.9944623e-18
       11380.000   1.4807656e-15   1.1335286e-17
       11390.000   1.4812509e-15   1.4676110e-17
       11400.000   1.4817362e-15   1.8016934e-17
       11410.000   1.4925557e-15   2.0895167e-17
       11420.000   1.5034791e-15   2.3768746e-17
       11430.000   1.5144026e-15   2.6642324e-17
       11440.000   1.5253260e-15   2.9515903e-17
       11450.000   1.5562493e-15   2.6422722e-17
       11460.000   1.5928142e-15   2.1646418e-17
       11470.000   1.6293791e-15   1.6870114e-17
       11480.000   1.6659441e-15   1.2093809e-17
       11490.000   1.6815134e-15   1.1981602e-17
       11500.000   1.6805835e-15   1.5534623e-17
       11510.000   1.6796536e-15   1.9087644e-17
       11520.000   1.6787237e-15   2.2640664e-17
       11530.000   1.6802678e-15   2.3887144e-17
       11540.000   1.6866158e-15   2.0655049e-17
       11550.000   1.6929637e-15   1.7422955e-17
       11560.000   1.6993116e-15   1.4190861e-17
       11570.000   1.7033832e-15   1.1522097e-17
       11580.000   1.6907642e-15   1.2983659e-17
       11590.000   1.6781453e-15   1.4445220e-17
       11600.000   1.6655263e-15   1.5906782e-17
       11610.000   1.6529073e-15   1.7368344e-17
       11620.000   1.6364518e-15   1.8377058e-17
       11630.000   1.6195219e-15   1.9329769e-17
       11640.000   1.6025919e-15   2.0282480e-17
       11650.000   1.5856619e-15   2.1235191e-17
       11660.000   1.5698723e-15   2.1170398e-17
       11670.000   1.5546967e-15   2.0557719e-17
       11680.000   1.5395211e-15   1.9945039e-17
       11690.000   1.5243455e-15   1.9332360e-17
       11700.000   1.5097679e-15   1.8365679e-17
       11710.000   1.4960508e-15   1.6889500e-17
       11720.000   1.4823338e-15   1.5413321e-17
       11730.000   1.4686168e-15   1.3937142e-17
       11740.000   1.4597901e-15   1.2724316e-17
       11750.000   1.4766450e-15   1.2894496e-17
       11760.000   1.4934999e-15   1.3064676e-17
       11770.000   1.5103548e-15   1.3234857e-17
       11780.000   1.5272096e-15   1.3405037e-17
       11790.000   1.5415171e-15   1.5526770e-17
       11800.000   1.5555729e-15   1.7841376e-17
       11810.000   1.5696286e-15   2.0155982e-17
       11820.000   1.5836843e-15   2.2470588e-17
       11830.000   1.5962630e-15   2.3475429e-17
       11840.000   1.6080463e-15   2.3775011e-17
       11850.000   1.6198296e-15   2.4074594e-17
       11860.000   1.6316129e-15   2.4374177e-17
       11870.000   1.6368450e-15   2.3263925e-17
       11880.000   1.6318319e-15   1.9948909e-17
       11890.000   1.6268188e-15   1.6633893e-17
       11900.000   1.6218057e-15   1.3318877e-17
       11910.000   1.6150383e-15   1.0459114e-17
       11920.000   1.5954086e-15   1.0937254e-17
       11930.000   1.5757788e-15   1.1415395e-17
       11940.000   1.5561491e-15   1.1893535e-17
       11950.000   1.5365193e-15   1.2371676e-17
       11960.000   1.5248551e-15   1.1630401e-17
       11970.000   1.5145966e-15   1.0673935e-17
       11980.000   1.5043381e-15   9.7174697e-18
       11990.000   1.4940796e-15   8.7610040e-18
