       3000.0000   1.6805631e-23       0.0000000
       3010.0000   1.8280789e-23       0.0000000
       3020.0000   1.9873263e-23       0.0000000
       3030.0000   2.1591373e-23       0.0000000
       3040.0000   2.3443954e-23       0.0000000
       3050.0000   2.5440380e-23       0.0000000
       3060.0000   2.7590597e-23       0.0000000
       3070.0000   2.9905145e-23       0.0000000
       3080.0000   3.2395195e-23       0.0000000
       3090.0000   3.5072574e-23       0.0000000
       3100.0000   3.7949802e-23       0.0000000
       3110.0000   4.1040124e-23       0.0000000
       3120.0000   4.4357544e-23       0.0000000
       3130.0000   4.7916862e-23       0.0000000
       3140.0000   5.1733713e-23       0.0000000
       3150.0000   5.5824602e-23       0.0000000
       3160.0000   6.0206949e-23       0.0000000
       3170.0000   6.4899127e-23       0.0000000
       3180.0000   6.9920506e-23       0.0000000
       3190.0000   7.5291500e-23       0.0000000
       3200.0000   8.1033608e-23       0.0000000
       3210.0000   8.7169467e-23       0.0000000
       3220.0000   9.3722897e-23       0.0000000
       3230.0000   1.0071896e-22       0.0000000
       3240.0000   1.0818398e-22       0.0000000
       3250.0000   1.1614567e-22       0.0000000
       3260.0000   1.2463309e-22       0.0000000
       3270.0000   1.3367679e-22       0.0000000
       3280.0000   1.4330882e-22       0.0000000
       3290.0000   1.5356279e-22       0.0000000
       3300.0000   1.6447397e-22       0.0000000
       3310.0000   1.7607932e-22       0.0000000
       3320.0000   1.8841756e-22       0.0000000
       3330.0000   2.0152926e-22       0.0000000
       3340.0000   2.1545689e-22       0.0000000
       3350.0000   2.3024487e-22       0.0000000
       3360.0000   2.4593971e-22       0.0000000
       3370.0000   2.6259002e-22       0.0000000
       3380.0000   2.8024660e-22       0.0000000
       3390.0000   2.9896257e-22       0.0000000
       3400.0000   3.1879337e-22       0.0000000
       3410.0000   3.3979690e-22       0.0000000
       3420.0000   3.6203361e-22       0.0000000
       3430.0000   3.8556653e-22       0.0000000
       3440.0000   4.1046143e-22       0.0000000
       3450.0000   4.3678685e-22       0.0000000
       3460.0000   4.6461424e-22       0.0000000
       3470.0000   4.9401801e-22       0.0000000
       3480.0000   5.2507569e-22       0.0000000
       3490.0000   5.5786796e-22       0.0000000
       3500.0000   5.9247878e-22       0.0000000
       3510.0000   6.2899553e-22       0.0000000
       3520.0000   6.6750905e-22       0.0000000
       3530.0000   7.0811379e-22       0.0000000
       3540.0000   7.5090790e-22       0.0000000
       3550.0000   7.9599337e-22       0.0000000
       3560.0000   8.4347610e-22       0.0000000
       3570.0000   8.9346605e-22       0.0000000
       3580.0000   9.4607734e-22       0.0000000
       3590.0000   1.0014284e-21       0.0000000
       3600.0000   1.0596420e-21       0.0000000
       3610.0000   1.1208456e-21       0.0000000
       3620.0000   1.1851711e-21       0.0000000
       3630.0000   1.2527553e-21       0.0000000
       3640.0000   1.3237400e-21       0.0000000
       3650.0000   1.3982719e-21       0.0000000
       3660.0000   1.4765030e-21       0.0000000
       3670.0000   1.5585905e-21       0.0000000
       3680.0000   1.6446970e-21       0.0000000
       3690.0000   1.7349910e-21       0.0000000
       3700.0000   1.8296465e-21       0.0000000
       3710.0000   1.9288434e-21       0.0000000
       3720.0000   2.0327675e-21       0.0000000
       3730.0000   2.1416112e-21       0.0000000
       3740.0000   2.2555727e-21       0.0000000
       3750.0000   2.3748570e-21       0.0000000
       3760.0000   2.4996756e-21       0.0000000
       3770.0000   2.6302467e-21       0.0000000
       3780.0000   2.7667958e-21       0.0000000
       3790.0000   2.9095550e-21       0.0000000
       3800.0000   3.0587639e-21       0.0000000
       3810.0000   3.2146695e-21       0.0000000
       3820.0000   3.3775264e-21       0.0000000
       3830.0000   3.5475968e-21       0.0000000
       3840.0000   3.7251509e-21       0.0000000
       3850.0000   3.9104669e-21       0.0000000
       3860.0000   4.1038313e-21       0.0000000
       3870.0000   4.3055390e-21       0.0000000
       3880.0000   4.5158933e-21       0.0000000
       3890.0000   4.7352066e-21       0.0000000
       3900.0000   4.9637997e-21       0.0000000
       3910.0000   5.2020031e-21       0.0000000
       3920.0000   5.4501559e-21       0.0000000
       3930.0000   5.7086072e-21       0.0000000
       3940.0000   5.9777154e-21       0.0000000
       3950.0000   6.2578488e-21       0.0000000
       3960.0000   6.5493856e-21       0.0000000
       3970.0000   6.8527141e-21       0.0000000
       3980.0000   7.1682332e-21       0.0000000
       3990.0000   7.4963519e-21       0.0000000
       4000.0000   7.8374903e-21       0.0000000
       4010.0000   8.1920789e-21       0.0000000
       4020.0000   8.5605598e-21       0.0000000
       4030.0000   8.9433859e-21       0.0000000
       4040.0000   9.3410216e-21       0.0000000
       4050.0000   9.7539431e-21       0.0000000
       4060.0000   1.0182638e-20       0.0000000
       4070.0000   1.0627607e-20       0.0000000
       4080.0000   1.1089360e-20       0.0000000
       4090.0000   1.1568424e-20       0.0000000
       4100.0000   1.2065334e-20       0.0000000
       4110.0000   1.2580639e-20       0.0000000
       4120.0000   1.3114903e-20       0.0000000
       4130.0000   1.3668701e-20       0.0000000
       4140.0000   1.4242621e-20       0.0000000
       4150.0000   1.4837266e-20       0.0000000
       4160.0000   1.5453250e-20       0.0000000
       4170.0000   1.6091205e-20       0.0000000
       4180.0000   1.6751773e-20       0.0000000
       4190.0000   1.7435611e-20       0.0000000
       4200.0000   1.8143393e-20       0.0000000
       4210.0000   1.8875803e-20       0.0000000
       4220.0000   1.9633545e-20       0.0000000
       4230.0000   2.0417332e-20       0.0000000
       4240.0000   2.1227898e-20       0.0000000
       4250.0000   2.2065987e-20       0.0000000
       4260.0000   2.2932362e-20       0.0000000
       4270.0000   2.3827799e-20       0.0000000
       4280.0000   2.4753092e-20       0.0000000
       4290.0000   2.5709050e-20       0.0000000
       4300.0000   2.6696498e-20       0.0000000
       4310.0000   2.7716276e-20       0.0000000
       4320.0000   2.8769243e-20       0.0000000
       4330.0000   2.9856272e-20       0.0000000
       4340.0000   3.0978254e-20       0.0000000
       4350.0000   3.2136098e-20       0.0000000
       4360.0000   3.3330727e-20       0.0000000
       4370.0000   3.4563084e-20       0.0000000
       4380.0000   3.5834129e-20       0.0000000
       4390.0000   3.7144838e-20       0.0000000
       4400.0000   3.8496205e-20       0.0000000
       4410.0000   3.9889243e-20       0.0000000
       4420.0000   4.1324983e-20       0.0000000
       4430.0000   4.2804472e-20       0.0000000
       4440.0000   4.4328778e-20       0.0000000
       4450.0000   4.5898985e-20       0.0000000
       4460.0000   4.7516196e-20       0.0000000
       4470.0000   4.9181535e-20       0.0000000
       4480.0000   5.0896142e-20       0.0000000
       4490.0000   5.2661176e-20       0.0000000
       4500.0000   5.4477817e-20       0.0000000
       4510.0000   5.6347262e-20       0.0000000
       4520.0000   5.8270729e-20       0.0000000
       4530.0000   6.0249455e-20       0.0000000
       4540.0000   6.2284695e-20       0.0000000
       4550.0000   6.4377726e-20       0.0000000
       4560.0000   6.6529843e-20       0.0000000
       4570.0000   6.8742362e-20       0.0000000
       4580.0000   7.1016617e-20       0.0000000
       4590.0000   7.3353964e-20       0.0000000
       4600.0000   7.5755778e-20       0.0000000
       4610.0000   7.8223455e-20       0.0000000
       4620.0000   8.0758412e-20       0.0000000
       4630.0000   8.3362083e-20       0.0000000
       4640.0000   8.6035927e-20       0.0000000
       4650.0000   8.8781420e-20       0.0000000
       4660.0000   9.1600061e-20       0.0000000
       4670.0000   9.4493368e-20       0.0000000
       4680.0000   9.7462880e-20       0.0000000
       4690.0000   1.0051016e-19       0.0000000
       4700.0000   1.0363678e-19       0.0000000
       4710.0000   1.0684436e-19       0.0000000
       4720.0000   1.1013450e-19       0.0000000
       4730.0000   1.1350886e-19       0.0000000
       4740.0000   1.1696911e-19       0.0000000
       4750.0000   1.2051692e-19       0.0000000
       4760.0000   1.2415401e-19       0.0000000
       4770.0000   1.2788210e-19       0.0000000
       4780.0000   1.3170294e-19       0.0000000
       4790.0000   1.3561831e-19       0.0000000
       4800.0000   1.3962999e-19       0.0000000
       4810.0000   1.4373981e-19       0.0000000
       4820.0000   1.4794960e-19       0.0000000
       4830.0000   1.5226120e-19       0.0000000
       4840.0000   1.5667651e-19       0.0000000
       4850.0000   1.6119741e-19       0.0000000
       4860.0000   1.6582584e-19       0.0000000
       4870.0000   1.7056372e-19       0.0000000
       4880.0000   1.7541303e-19       0.0000000
       4890.0000   1.8037575e-19       0.0000000
       4900.0000   1.8545388e-19       0.0000000
       4910.0000   1.9064946e-19       0.0000000
       4920.0000   1.9596452e-19       0.0000000
       4930.0000   2.0140113e-19       0.0000000
       4940.0000   2.0696140e-19       0.0000000
       4950.0000   2.1264742e-19       0.0000000
       4960.0000   2.1846133e-19       0.0000000
       4970.0000   2.2440529e-19       0.0000000
       4980.0000   2.3048147e-19       0.0000000
       4990.0000   2.3669206e-19       0.0000000
       5000.0000   2.4303928e-19       0.0000000
       5010.0000   2.4952537e-19       0.0000000
       5020.0000   2.5615258e-19       0.0000000
       5030.0000   2.6292320e-19       0.0000000
       5040.0000   2.6983952e-19       0.0000000
       5050.0000   2.7690385e-19       0.0000000
       5060.0000   2.8411855e-19       0.0000000
       5070.0000   2.9148596e-19       0.0000000
       5080.0000   2.9900848e-19       0.0000000
       5090.0000   3.0668849e-19       0.0000000
       5100.0000   3.1452842e-19       0.0000000
       5110.0000   3.2253071e-19       0.0000000
       5120.0000   3.3069783e-19       0.0000000
       5130.0000   3.3903223e-19       0.0000000
       5140.0000   3.4753644e-19       0.0000000
       5150.0000   3.5621296e-19       0.0000000
       5160.0000   3.6506434e-19       0.0000000
       5170.0000   3.7409312e-19       0.0000000
       5180.0000   3.8330189e-19       0.0000000
       5190.0000   3.9269324e-19       0.0000000
       5200.0000   4.0226978e-19       0.0000000
       5210.0000   4.1203414e-19       0.0000000
       5220.0000   4.2198898e-19       0.0000000
       5230.0000   4.3213697e-19       0.0000000
       5240.0000   4.4248078e-19       0.0000000
       5250.0000   4.5302313e-19       0.0000000
       5260.0000   4.6376673e-19       0.0000000
       5270.0000   4.7471434e-19       0.0000000
       5280.0000   4.8586869e-19       0.0000000
       5290.0000   4.9723258e-19       0.0000000
       5300.0000   5.0880878e-19       0.0000000
       5310.0000   5.2060012e-19       0.0000000
       5320.0000   5.3260941e-19       0.0000000
       5330.0000   5.4483950e-19       0.0000000
       5340.0000   5.5729324e-19       0.0000000
       5350.0000   3.9215869e-19   7.2877341e-18
       5360.0000   8.7483424e-18   7.1957390e-18
       5370.0000   2.8748065e-18   7.1137507e-18
       5380.0000   1.8672539e-18   7.0637796e-18
       5390.0000   3.2229236e-18   7.0454005e-18
       5400.0000   4.9655669e-18   6.9253160e-18
       5410.0000   9.1218130e-18   6.8619519e-18
       5420.0000  -5.0149144e-19   6.9306868e-18
       5430.0000   1.4380198e-18   6.8408977e-18
       5440.0000   4.6989024e-18   6.8976416e-18
       5450.0000   1.0643555e-17   6.8473420e-18
       5460.0000   1.3601968e-17   8.9729228e-18
       5470.0000   7.7551917e-18   6.7177971e-18
       5480.0000  -6.0509726e-19   6.5768455e-18
       5490.0000   4.3246085e-18   6.4042164e-18
       5500.0000  -2.9823985e-19   6.3482572e-18
       5510.0000   5.9980948e-18   6.1999074e-18
       5520.0000   3.9555083e-19   6.2491447e-18
       5530.0000   8.0172428e-18   6.1094356e-18
       5540.0000   2.2446125e-18   6.0635783e-18
       5550.0000   9.1801258e-18   6.1708489e-18
       5560.0000   1.1625177e-19   6.1841632e-18
       5570.0000  -4.4643325e-18   7.5016604e-18
       5580.0000   2.5801498e-17   2.1280127e-17
       5590.0000   5.1209370e-18   6.2220703e-18
       5600.0000  -1.2890484e-18   6.0445861e-18
       5610.0000   4.3196065e-18   5.9976968e-18
       5620.0000   9.5182276e-18   5.9020603e-18
       5630.0000   5.2034151e-18   5.8696385e-18
       5640.0000  -2.6164894e-19   5.7689448e-18
       5650.0000   2.3537041e-18   5.7586135e-18
       5660.0000   2.9115046e-18   5.8468808e-18
       5670.0000  -3.6021613e-19   6.0672425e-18
       5680.0000   2.3256996e-18   6.2259207e-18
       5690.0000  -3.4580787e-18   7.1272404e-18
       5700.0000   3.4611643e-18   6.0728029e-18
       5710.0000   4.6885721e-18   5.6294206e-18
       5720.0000   3.3603013e-18   5.6304702e-18
       5730.0000   9.8636793e-18   5.5417096e-18
       5740.0000   4.8070925e-18   5.3651425e-18
       5750.0000  -2.6382318e-18   5.5719316e-18
       5760.0000   2.0709526e-18   5.3979848e-18
       5770.0000   1.9853924e-18   6.2921977e-18
       5780.0000   5.0199277e-18   5.3342800e-18
       5790.0000   8.8079114e-18   6.1211595e-18
       5800.0000   1.5717557e-18   5.5197167e-18
       5810.0000   5.3305333e-19   5.5078914e-18
       5820.0000   1.6014674e-19   5.5979119e-18
       5830.0000   2.9468271e-18   5.5874678e-18
       5840.0000   2.4789668e-19   5.6386149e-18
       5850.0000   3.9179798e-18   5.7784870e-18
       5860.0000   2.3725784e-18   5.6927842e-18
       5870.0000   3.1903381e-18   6.0184243e-18
       5880.0000   7.5480432e-18   5.2833508e-18
       5890.0000   6.2789737e-18   1.0810516e-17
       5900.0000   2.3794560e-18   6.2394725e-18
       5910.0000   3.7923888e-18   5.1978319e-18
       5920.0000   3.9594571e-18   5.2008359e-18
       5930.0000   4.1650382e-18   5.3389250e-18
       5940.0000   8.3784766e-19   5.0445506e-18
       5950.0000   6.9537204e-18   5.1185003e-18
       5960.0000   4.5382051e-18   4.9677123e-18
       5970.0000   3.0492868e-18   4.9434874e-18
       5980.0000   9.0752392e-19   4.9117262e-18
       5990.0000   4.1647960e-18   4.6680295e-18
       6000.0000   1.3007287e-18   4.6669433e-18
       6010.0000   3.5192943e-18   4.6473284e-18
       6020.0000   1.2550702e-18   4.4367222e-18
       6030.0000   3.8148055e-19   4.4139059e-18
       6040.0000   1.9694527e-18   4.3180112e-18
       6050.0000   9.1374054e-19   4.2848015e-18
       6060.0000  -8.6094230e-19   4.1846845e-18
       6070.0000   1.0168276e-18   4.1607767e-18
       6080.0000   6.8228768e-18   4.1200299e-18
       6090.0000  -7.3217517e-19   4.0169429e-18
       6100.0000   3.9467407e-18   3.9688078e-18
       6110.0000   5.7483571e-18   3.9957020e-18
       6120.0000   1.0934156e-17   3.8404961e-18
       6130.0000   2.8917834e-18   3.8172202e-18
       6140.0000   8.0117442e-18   3.9814411e-18
       6150.0000   5.6811078e-18   3.7939733e-18
       6160.0000   4.9000721e-18   4.1206264e-18
       6170.0000   6.4700233e-18   3.8782120e-18
       6180.0000   3.7636323e-18   3.6361472e-18
       6190.0000   5.8945380e-18   3.6654857e-18
       6200.0000   8.2467987e-18   3.6042058e-18
       6210.0000   4.1391333e-18   3.5332944e-18
       6220.0000   8.1347946e-18   3.6343714e-18
       6230.0000   5.6120405e-18   3.4884156e-18
       6240.0000   4.4792088e-18   4.1040124e-18
       6250.0000   6.2144219e-18   3.4165220e-18
       6260.0000   6.0089102e-18   4.0560663e-18
       6270.0000   8.7176019e-18   3.3802524e-18
       6280.0000   9.2797984e-18   3.3555314e-18
       6290.0000   1.0601212e-17   3.6593473e-18
       6300.0000   1.8648067e-17   6.5069145e-18
       6310.0000   1.0864899e-17   3.5616696e-18
       6320.0000   1.1973634e-17   3.2438824e-18
       6330.0000   7.8719271e-18   3.6062625e-18
       6340.0000   9.7261906e-18   3.0068152e-18
       6350.0000   1.0666809e-17   3.2140734e-18
       6360.0000   1.2547613e-17   3.4926876e-18
       6370.0000   1.3526518e-17   3.0544087e-18
       6380.0000   1.5290377e-17   3.0814002e-18
       6390.0000   1.3484367e-17   3.0067859e-18
       6400.0000   1.1832008e-17   2.9092777e-18
       6410.0000   1.5035564e-17   2.8382652e-18
       6420.0000   1.5261863e-17   2.9928311e-18
       6430.0000   1.0121336e-17   2.7604913e-18
       6440.0000   1.2183981e-17   2.7495240e-18
       6450.0000   1.1728088e-17   2.8294272e-18
       6460.0000   1.3778014e-17   2.9412673e-18
       6470.0000   1.3952870e-17   3.1886829e-18
       6480.0000   1.4668883e-17   2.8251874e-18
       6490.0000   1.6163104e-17   2.7233661e-18
       6500.0000   2.0953182e-17   3.5108160e-18
       6510.0000   1.5038633e-17   2.8506478e-18
       6520.0000   2.1322583e-17   2.7731828e-18
       6530.0000   1.9190095e-17   3.0008002e-18
       6540.0000   2.1881341e-17   2.8787296e-18
       6550.0000   2.1856737e-17   2.9529403e-18
       6560.0000   2.1433313e-17   3.1556096e-18
       6570.0000   2.3631798e-17   3.0318452e-18
       6580.0000   3.0509546e-17   3.1480510e-18
       6590.0000   2.7046046e-17   2.7244300e-18
       6600.0000   2.4626151e-17   2.7953123e-18
       6610.0000   2.3060722e-17   2.6501484e-18
       6620.0000   2.2889243e-17   2.6109063e-18
       6630.0000   2.9174390e-17   2.7464139e-18
       6640.0000   2.5704143e-17   2.6115365e-18
       6650.0000   2.8271036e-17   2.6096441e-18
       6660.0000   3.4356088e-17   2.5898155e-18
       6670.0000   2.5779822e-17   2.6146321e-18
       6680.0000   2.8017101e-17   2.5120862e-18
       6690.0000   2.8002145e-17   2.5544034e-18
       6700.0000   3.0873980e-17   2.5960951e-18
       6710.0000   3.0101666e-17   2.5308088e-18
       6720.0000   3.1490053e-17   2.5432373e-18
       6730.0000   3.3393773e-17   2.5234894e-18
       6740.0000   3.8727828e-17   2.5529136e-18
       6750.0000   3.5431807e-17   2.4682718e-18
       6760.0000   3.5267316e-17   2.4821849e-18
       6770.0000   3.8300103e-17   2.4212988e-18
       6780.0000   3.1442563e-17   2.4230076e-18
       6790.0000   3.2394647e-17   2.4340468e-18
       6800.0000   3.3884325e-17   2.3909101e-18
       6810.0000   3.8486830e-17   2.3915994e-18
       6820.0000   3.5112329e-17   2.4996787e-18
       6830.0000   3.7802228e-17   3.6164039e-18
       6840.0000   3.2842688e-17   2.7057079e-18
       6850.0000   3.3613996e-17   2.4385953e-18
       6860.0000   3.1814328e-17   2.7573842e-18
       6870.0000   2.8392294e-17   2.9193461e-18
       6880.0000   2.4381275e-17   2.5349412e-18
       6890.0000   2.5810541e-17   2.8026340e-18
       6900.0000   2.8253904e-17   2.6678013e-18
       6910.0000   2.7321535e-17   9.4246744e-18
       6920.0000   3.1694394e-17   3.6068906e-18
       6930.0000   2.7336497e-17   6.1832660e-18
       6940.0000   3.3157457e-17   2.8634115e-18
       6950.0000   3.6234832e-17   3.5627095e-18
       6960.0000   3.0160990e-17   2.4373845e-18
       6970.0000   3.3770586e-17   2.7645852e-18
       6980.0000   3.1365749e-17   3.0530356e-18
       6990.0000   3.3950027e-17   2.3881466e-18
       7000.0000   3.2870972e-17   2.4397227e-18
       7010.0000   3.6173601e-17   2.6342788e-18
       7020.0000   3.6458453e-17   2.2891809e-18
       7030.0000   4.1497995e-17   2.3753050e-18
       7040.0000   4.4990531e-17   2.4273695e-18
       7050.0000   4.4411360e-17   2.7230146e-18
       7060.0000   4.0625475e-17   2.4772549e-18
       7070.0000   4.4701784e-17   2.4578902e-18
       7080.0000   4.5638771e-17   2.4850038e-18
       7090.0000   4.3371265e-17   2.5735729e-18
       7100.0000   4.8895851e-17   2.3695342e-18
       7110.0000   5.2695051e-17   2.4015538e-18
       7120.0000   5.0639088e-17   2.4229267e-18
       7130.0000   4.9711228e-17   2.4892867e-18
       7140.0000   5.1669252e-17   2.4287766e-18
       7150.0000   5.2618046e-17   2.5091131e-18
       7160.0000   5.3214967e-17   2.4558911e-18
       7170.0000   4.6676188e-17   2.4083304e-18
       7180.0000   5.0861589e-17   2.4558511e-18
       7190.0000   4.6108203e-17   2.3276465e-18
       7200.0000   4.4831431e-17   2.3634636e-18
       7210.0000   5.0982384e-17   2.3816570e-18
       7220.0000   5.5845266e-17   2.4100878e-18
       7230.0000   5.1676693e-17   2.5857513e-18
       7240.0000   5.3715526e-17   4.7838106e-18
       7250.0000   5.2627908e-17   3.3163456e-18
       7260.0000   5.4359783e-17   2.6734344e-18
       7270.0000   5.3736640e-17   2.9126614e-18
       7280.0000   5.6964307e-17   4.2521160e-18
       7290.0000   5.3686664e-17   2.8964739e-18
       7300.0000   5.6486869e-17   2.8575706e-18
       7310.0000   5.4957593e-17   2.8523828e-18
       7320.0000   5.6503566e-17   3.8540076e-18
       7330.0000   5.8840745e-17   3.9581071e-18
       7340.0000   6.1121521e-17   4.8888238e-18
       7350.0000   5.6684480e-17   2.7743034e-18
       7360.0000   5.5698099e-17   3.7738836e-18
       7370.0000   5.6236074e-17   4.9928585e-18
       7380.0000   5.6024008e-17   2.5754677e-18
       7390.0000   5.8109275e-17   2.9850251e-18
       7400.0000   5.4098005e-17   3.4904911e-18
       7410.0000   5.5370381e-17   2.5954175e-18
       7420.0000   5.0050065e-17   2.5424371e-18
       7430.0000   5.3745598e-17   3.0022966e-18
       7440.0000   4.9011243e-17   3.4791740e-18
       7450.0000   5.0863488e-17   2.4449741e-18
       7460.0000   4.4746049e-17   2.5465373e-18
       7470.0000   4.4707689e-17   3.0184252e-18
       7480.0000   4.2160125e-17   3.2979623e-18
       7490.0000   4.5758562e-17   2.6309932e-18
       7500.0000   4.2726155e-17   2.5110751e-18
       7510.0000   4.1814019e-17   2.4342643e-18
       7520.0000   4.0288733e-17   2.9568441e-18
       7530.0000   3.3504986e-17   3.2357557e-18
       7540.0000   3.3940675e-17   2.6203651e-18
       7550.0000   3.5418247e-17   2.4426189e-18
       7560.0000   3.4329471e-17   2.7641209e-18
       7570.0000   2.6320868e-17   3.2809775e-18
       7580.0000   2.5884189e-17   2.4812148e-18
       7590.0000   2.4104347e-17   2.6521598e-18
       7600.0000   1.1501314e-17   5.3968042e-18
       7610.0000   4.7932440e-18   4.3076857e-18
       7620.0000   1.1224900e-17   3.1881666e-18
       7630.0000   8.1326119e-18   4.2982224e-18
       7640.0000   6.8477559e-18   2.8517995e-18
       7650.0000   2.8207134e-18   2.7445195e-18
       7660.0000   2.3310010e-18   2.7409743e-18
       7670.0000   1.5042115e-18   2.3350455e-18
       7680.0000   5.4232691e-18   2.4041726e-18
       7690.0000   3.6470832e-18   2.6536626e-18
       7700.0000   4.4544187e-18   2.8177273e-18
       7710.0000   6.9996844e-18   3.6885572e-18
       7720.0000   9.0387818e-18   4.8637913e-18
       7730.0000   1.2429696e-17   2.9677882e-18
       7740.0000   1.7343901e-17   2.7527632e-18
       7750.0000   2.6003015e-17   6.1529335e-18
       7760.0000   2.2807382e-17   4.2775935e-18
       7770.0000   2.3817068e-17   2.8411387e-18
       7780.0000   2.9837327e-17   3.6570481e-18
       7790.0000   3.1840995e-17   3.4352380e-18
       7800.0000   1.2715449e-17   3.0820567e-18
       7810.0000   3.8587188e-17   4.1238294e-18
       7820.0000   4.4575311e-17   5.0738209e-18
       7830.0000   4.5056931e-17   2.9693600e-18
       7840.0000   4.6761394e-17   3.8297793e-18
       7850.0000   6.0979077e-17   4.2932904e-18
       7860.0000   5.6539168e-17   4.6893730e-18
       7870.0000   6.0066258e-17   4.9465465e-18
       7880.0000   7.1124712e-17   4.4850024e-18
       7890.0000   7.2506439e-17   5.3026887e-18
       7900.0000   7.3328380e-17   3.1222944e-18
       7910.0000   7.5909915e-17   4.2364465e-18
       7920.0000   8.1729277e-17   5.2838664e-18
       7930.0000   8.0093887e-17   4.3158180e-18
       7940.0000   8.2257307e-17   3.2414034e-18
       7950.0000   4.6704973e-17   4.1571748e-18
       7960.0000   8.8526446e-17   3.5802370e-18
       7970.0000   9.1587281e-17   4.1896847e-18
       7980.0000   1.0984513e-16   4.8744457e-18
       7990.0000   1.0419611e-16   4.3196126e-18
       8000.0000   1.1237865e-16   3.9466427e-18
       8010.0000   1.0993279e-16   3.4857147e-18
       8020.0000   1.2094175e-16   3.9975789e-18
       8030.0000   1.2282726e-16   4.8334656e-18
       8040.0000   1.2071487e-16   3.3050404e-18
       8050.0000   1.2675330e-16   3.7749376e-18
       8060.0000   1.3330772e-16   4.0751072e-18
       8070.0000   1.3800577e-16   3.4774676e-18
       8080.0000   1.3972014e-16   3.4673790e-18
       8090.0000   1.4165199e-16   3.4923990e-18
       8100.0000   1.4211285e-16   3.9124114e-18
       8110.0000   1.5881979e-16   3.5596947e-18
       8120.0000   1.5784687e-16   3.4873984e-18
       8130.0000   1.6051238e-16   3.6369491e-18
       8140.0000   1.5809365e-16   3.8638689e-18
       8150.0000   1.5383803e-16   3.7711719e-18
       8160.0000   1.5649310e-16   3.5882591e-18
       8170.0000   1.6454070e-16   3.6718595e-18
       8180.0000   1.4506918e-16   3.8236690e-18
       8190.0000   1.4505362e-16   4.0721125e-18
       8200.0000   1.5076831e-16   4.0136621e-18
       8210.0000   1.9090662e-16   3.9545104e-18
       8220.0000   1.9089008e-16   3.8576348e-18
       8230.0000   1.7944743e-16   3.8513112e-18
       8240.0000   1.9933929e-16   3.9292028e-18
       8250.0000   2.1497585e-16   4.1200665e-18
       8260.0000   2.1114946e-16   4.0603832e-18
       8270.0000   2.1738468e-16   4.0809181e-18
       8280.0000   2.1498081e-16   6.2853734e-18
       8290.0000   2.1532427e-16   7.3403987e-18
       8300.0000   2.2245460e-16   7.7592104e-18
       8310.0000   2.2102127e-16   5.2578567e-18
       8320.0000   2.3167698e-16   4.4402217e-18
       8330.0000   2.2750144e-16   4.2940007e-18
       8340.0000   2.4843840e-16   5.8515616e-18
       8350.0000   2.5340855e-16   7.2639829e-18
       8360.0000   2.6087216e-16   5.1014032e-18
       8370.0000   2.6419897e-16   4.8453694e-18
       8380.0000   2.7027707e-16   5.6900954e-18
       8390.0000   2.6511766e-16   4.8029939e-18
       8400.0000   3.0280208e-16   1.1350199e-17
       8410.0000   2.8512363e-16   5.1006014e-18
       8420.0000   2.9212698e-16   5.7164629e-18
       8430.0000   2.8921094e-16   1.1328717e-17
       8440.0000   2.7633795e-16   4.7597816e-18
       8450.0000   2.6405308e-16   5.8830667e-18
       8460.0000   2.6192515e-16   5.4667150e-18
       8470.0000   2.7348433e-16   6.5513767e-18
       8480.0000   2.6756144e-16   4.6909601e-18
       8490.0000   2.7754152e-16   5.3209385e-18
       8500.0000   2.7530351e-16   5.5554841e-18
       8510.0000   2.7668214e-16   5.8644018e-18
       8520.0000   1.6296894e-16   4.4712301e-18
       8530.0000   2.8163592e-16   4.8176729e-18
       8540.0000   2.9441131e-16   5.6950790e-18
       8550.0000   3.1588478e-16   6.6412005e-18
       8560.0000   3.2448302e-16   5.1757400e-18
       8570.0000   3.2919891e-16   5.2252243e-18
       8580.0000   3.2659499e-16   5.3810929e-18
       8590.0000   3.2241470e-16   5.7251073e-18
       8600.0000   3.4556330e-16   5.8784550e-18
       8610.0000   2.6610084e-16   5.5060368e-18
       8620.0000   1.6978209e-16   7.1681985e-18
       8630.0000   1.5357096e-16   9.0055729e-18
       8640.0000   1.8876879e-16   7.1916634e-18
       8650.0000   2.1656463e-16   7.7899921e-18
       8660.0000   2.2814334e-16   8.9814186e-18
       8670.0000   2.3759742e-16   8.6579506e-18
       8680.0000   2.5008330e-16   7.0636933e-18
       8690.0000   2.3806668e-16   6.0138503e-18
       8700.0000   1.9459873e-16   5.5884660e-18
       8710.0000   1.7992142e-16   5.5526464e-18
       8720.0000   1.7654232e-16   5.1771503e-18
       8730.0000   2.1487332e-16   5.4878658e-18
       8740.0000   2.3373193e-16   5.7544463e-18
       8750.0000   2.2091770e-16   5.6923052e-18
       8760.0000   2.6454498e-16   1.0847797e-17
       8770.0000   2.5442240e-16   1.1955106e-17
       8780.0000   2.6385443e-16   1.4237342e-17
       8790.0000   2.3517990e-16   8.2720240e-18
       8800.0000   2.4899413e-16   6.6049396e-18
       8810.0000   2.6552010e-16   6.6983428e-18
       8820.0000   3.1478566e-16   7.5330906e-18
       8830.0000   2.9931477e-16   1.6733664e-17
       8840.0000   3.2861893e-16   9.9286800e-18
       8850.0000   2.6831984e-16   8.3663283e-18
       8860.0000   3.0369539e-16   6.9090676e-18
       8870.0000   2.7956108e-16   1.0900028e-17
       8880.0000   3.7101637e-16   8.1120403e-18
       8890.0000   3.3075229e-16   1.3026285e-17
       8900.0000   3.0707945e-16   8.6401457e-18
       8910.0000   2.8770731e-16   1.5338091e-17
       8920.0000   2.9623656e-16   1.5470426e-17
       8930.0000   3.0476581e-16   1.5602761e-17
       8940.0000   3.1329506e-16   1.5735096e-17
       8950.0000   3.2609790e-16   1.5715438e-17
       8960.0000   3.4034836e-16   1.5644295e-17
       8970.0000   3.5459882e-16   1.5573151e-17
       8980.0000   3.5875033e-16   1.5485301e-17
       8990.0000   3.4540921e-16   1.5368512e-17
       9000.0000   3.3206809e-16   1.5251723e-17
       9010.0000   3.1872697e-16   1.5134935e-17
       9020.0000   3.1703704e-16   1.5700609e-17
       9030.0000   3.1575700e-16   1.6290291e-17
       9040.0000   3.1447695e-16   1.6879974e-17
       9050.0000   3.3592969e-16   1.7998894e-17
       9060.0000   3.7613668e-16   1.9554427e-17
       9070.0000   4.1634366e-16   2.1109960e-17
       9080.0000   4.5139947e-16   2.2355342e-17
       9090.0000   4.4521416e-16   2.1117603e-17
       9100.0000   4.3902885e-16   1.9879865e-17
       9110.0000   4.3284354e-16   1.8642127e-17
       9120.0000   4.4049733e-16   1.8386918e-17
       9130.0000   4.5537510e-16   1.8644588e-17
       9140.0000   4.7025288e-16   1.8902258e-17
       9150.0000   4.8409186e-16   1.9040664e-17
       9160.0000   4.9335335e-16   1.8653527e-17
       9170.0000   5.0261485e-16   1.8266389e-17
       9180.0000   5.1187635e-16   1.7879252e-17
       9190.0000   5.1620384e-16   1.7716016e-17
       9200.0000   5.1836623e-16   1.7651031e-17
       9210.0000   5.2052862e-16   1.7586047e-17
       9220.0000   5.2221939e-16   1.7460458e-17
       9230.0000   5.2185988e-16   1.7071408e-17
       9240.0000   5.2150036e-16   1.6682359e-17
       9250.0000   5.2114084e-16   1.6293309e-17
       9260.0000   5.2747303e-16   1.6005450e-17
       9270.0000   5.3722164e-16   1.5769254e-17
       9280.0000   5.4697025e-16   1.5533058e-17
       9290.0000   5.5372307e-16   1.5343113e-17
       9300.0000   5.3851073e-16   1.5492283e-17
       9310.0000   5.2329839e-16   1.5641452e-17
       9320.0000   5.0808605e-16   1.5790622e-17
       9330.0000   5.0119509e-16   1.5949704e-17
       9340.0000   5.0084081e-16   1.6116573e-17
       9350.0000   5.0048653e-16   1.6283443e-17
       9360.0000   5.0013224e-16   1.6450312e-17
       9370.0000   5.1559728e-16   1.6433136e-17
       9380.0000   5.3133577e-16   1.6412779e-17
       9390.0000   5.4707425e-16   1.6392421e-17
       9400.0000   5.5759158e-16   1.6378755e-17
       9410.0000   5.5994381e-16   1.6375554e-17
       9420.0000   5.6229604e-16   1.6372352e-17
       9430.0000   5.6464828e-16   1.6369150e-17
       9440.0000   5.7989987e-16   1.6225265e-17
       9450.0000   5.9879015e-16   1.6041694e-17
       9460.0000   6.1768043e-16   1.5858124e-17
       9470.0000   6.3455077e-16   1.5707853e-17
       9480.0000   6.4023268e-16   1.5742023e-17
       9490.0000   6.4591459e-16   1.5776194e-17
       9500.0000   6.5159650e-16   1.5810364e-17
       9510.0000   6.5479649e-16   1.5695773e-17
       9520.0000   6.5561151e-16   1.5438232e-17
       9530.0000   6.5642654e-16   1.5180691e-17
       9540.0000   6.5724157e-16   1.4923150e-17
       9550.0000   6.5873168e-16   1.4820374e-17
       9560.0000   6.6034000e-16   1.4744700e-17
       9570.0000   6.6194833e-16   1.4669027e-17
       9580.0000   6.6333758e-16   1.4673901e-17
       9590.0000   6.6369408e-16   1.5058499e-17
       9600.0000   6.6405057e-16   1.5443097e-17
       9610.0000   6.6440707e-16   1.5827695e-17
       9620.0000   6.6706886e-16   1.6026226e-17
       9630.0000   6.7218851e-16   1.6026376e-17
       9640.0000   6.7730817e-16   1.6026527e-17
       9650.0000   6.8242783e-16   1.6026677e-17
       9660.0000   6.9258409e-16   1.5929794e-17
       9670.0000   7.0418626e-16   1.5805055e-17
       9680.0000   7.1578842e-16   1.5680316e-17
       9690.0000   7.2758800e-16   1.5548611e-17
       9700.0000   7.4278080e-16   1.5297167e-17
       9710.0000   7.5797361e-16   1.5045723e-17
       9720.0000   7.7316641e-16   1.4794279e-17
       9730.0000   7.8513225e-16   1.4461167e-17
       9740.0000   7.9014509e-16   1.3952090e-17
       9750.0000   7.9515794e-16   1.3443013e-17
       9760.0000   8.0017079e-16   1.2933937e-17
       9770.0000   8.0764578e-16   1.2714889e-17
       9780.0000   8.1702439e-16   1.2720079e-17
       9790.0000   8.2640301e-16   1.2725270e-17
       9800.0000   8.3578163e-16   1.2730460e-17
       9810.0000   8.4101692e-16   1.2685632e-17
       9820.0000   8.4519033e-16   1.2627984e-17
       9830.0000   8.4936375e-16   1.2570337e-17
       9840.0000   8.5317810e-16   1.2512896e-17
       9850.0000   8.2970683e-16   1.2471169e-17
       9860.0000   8.0623555e-16   1.2429442e-17
       9870.0000   7.8276428e-16   1.2387714e-17
       9880.0000   7.5956725e-16   1.2326730e-17
       9890.0000   7.3736558e-16   1.2195855e-17
       9900.0000   7.1516390e-16   1.2064980e-17
       9910.0000   6.9296222e-16   1.1934105e-17
       9920.0000   6.7183385e-16   1.1820180e-17
       9930.0000   6.5228883e-16   1.1731259e-17
       9940.0000   6.3274382e-16   1.1642339e-17
       9950.0000   6.1319881e-16   1.1553418e-17
       9960.0000   6.0142973e-16   1.1512598e-17
       9970.0000   5.9533726e-16   1.1506891e-17
       9980.0000   5.8924479e-16   1.1501185e-17
       9990.0000   5.8315231e-16   1.1495479e-17
       10000.000   5.8192394e-16   1.1478159e-17
       10010.000   5.8242250e-16   1.1456716e-17
       10020.000   5.8292105e-16   1.1435274e-17
       10030.000   5.8341961e-16   1.1413831e-17
       10040.000   5.9257207e-16   1.1269132e-17
       10050.000   6.0290374e-16   1.1107637e-17
       10060.000   6.1323540e-16   1.0946143e-17
       10070.000   6.2354381e-16   1.0788683e-17
       10080.000   6.3271377e-16   1.0828711e-17
       10090.000   6.4188372e-16   1.0868740e-17
       10100.000   6.5105368e-16   1.0908768e-17
       10110.000   6.6049481e-16   1.0951479e-17
       10120.000   6.7160119e-16   1.1010659e-17
       10130.000   6.8270756e-16   1.1069839e-17
       10140.000   6.9381394e-16   1.1129019e-17
       10150.000   7.0331798e-16   1.1179134e-17
       10160.000   7.0774631e-16   1.1200536e-17
       10170.000   7.1217463e-16   1.1221937e-17
       10180.000   7.1660296e-16   1.1243338e-17
       10190.000   7.2279728e-16   1.1249760e-17
       10200.000   7.3257586e-16   1.1225778e-17
       10210.000   7.4235443e-16   1.1201796e-17
       10220.000   7.5213300e-16   1.1177814e-17
       10230.000   7.5602346e-16   1.1171121e-17
       10240.000   7.5143941e-16   1.1189311e-17
       10250.000   7.4685535e-16   1.1207502e-17
       10260.000   7.4227130e-16   1.1225693e-17
       10270.000   7.4394051e-16   1.1218730e-17
       10280.000   7.5238464e-16   1.1184517e-17
       10290.000   7.6082876e-16   1.1150303e-17
       10300.000   7.6927288e-16   1.1116089e-17
       10310.000   7.7790662e-16   1.1108873e-17
       10320.000   7.8670186e-16   1.1124652e-17
       10330.000   7.9549710e-16   1.1140430e-17
       10340.000   8.0429235e-16   1.1156209e-17
       10350.000   8.1054142e-16   1.1148928e-17
       10360.000   8.1494657e-16   1.1124949e-17
       10370.000   8.1935171e-16   1.1100969e-17
       10380.000   8.2375686e-16   1.1076990e-17
       10390.000   8.3680375e-16   1.1086423e-17
       10400.000   8.5537658e-16   1.1117222e-17
       10410.000   8.7394941e-16   1.1148021e-17
       10420.000   8.9252225e-16   1.1178820e-17
       10430.000   9.0001155e-16   1.1164243e-17
       10440.000   9.0099367e-16   1.1123027e-17
       10450.000   9.0197578e-16   1.1081811e-17
       10460.000   9.0295789e-16   1.1040594e-17
       10470.000   9.0966941e-16   1.0959206e-17
       10480.000   9.1960452e-16   1.0855215e-17
       10490.000   9.2953964e-16   1.0751224e-17
       10500.000   9.3947475e-16   1.0647233e-17
       10510.000   9.4635871e-16   1.0552481e-17
       10520.000   9.5145056e-16   1.0463155e-17
       10530.000   9.5654241e-16   1.0373830e-17
       10540.000   9.6163427e-16   1.0284504e-17
       10550.000   9.6204983e-16   1.0205871e-17
       10560.000   9.5959834e-16   1.0133794e-17
       10570.000   9.5714684e-16   1.0061717e-17
       10580.000   9.5469535e-16   9.9896402e-18
       10590.000   9.5753658e-16   9.9653052e-18
       10600.000   9.6405669e-16   9.9741550e-18
       10610.000   9.7057680e-16   9.9830047e-18
       10620.000   9.7709692e-16   9.9918544e-18
       10630.000   9.8267193e-16   1.0002172e-17
       10640.000   9.8747337e-16   1.0013692e-17
       10650.000   9.9227482e-16   1.0025212e-17
       10660.000   9.9707626e-16   1.0036732e-17
       10670.000   1.0051405e-15   1.0074970e-17
       10680.000   1.0163399e-15   1.0138881e-17
       10690.000   1.0275394e-15   1.0202793e-17
       10700.000   1.0387389e-15   1.0266704e-17
       10710.000   1.0488179e-15   1.0305449e-17
       10720.000   1.0575275e-15   1.0313434e-17
       10730.000   1.0662370e-15   1.0321419e-17
       10740.000   1.0749466e-15   1.0329404e-17
       10750.000   1.0854187e-15   1.0390241e-17
       10760.000   1.0987669e-15   1.0537315e-17
       10770.000   1.1121151e-15   1.0684389e-17
       10780.000   1.1254633e-15   1.0831464e-17
       10790.000   1.1381822e-15   1.0929532e-17
       10800.000   1.1494336e-15   1.0913306e-17
       10810.000   1.1606849e-15   1.0897080e-17
       10820.000   1.1719363e-15   1.0880855e-17
       10830.000   1.1814338e-15   1.0873442e-17
       10840.000   1.1843319e-15   1.0899193e-17
       10850.000   1.1872300e-15   1.0924944e-17
       10860.000   1.1901281e-15   1.0950695e-17
       10870.000   1.1941529e-15   1.0972763e-17
       10880.000   1.2064381e-15   1.0967834e-17
       10890.000   1.2187234e-15   1.0962905e-17
       10900.000   1.2310086e-15   1.0957976e-17
       10910.000   1.2431807e-15   1.0952506e-17
       10920.000   1.2442200e-15   1.0893785e-17
       10930.000   1.2452592e-15   1.0835065e-17
       10940.000   1.2462984e-15   1.0776345e-17
       10950.000   1.2473377e-15   1.0717624e-17
       10960.000   1.2413607e-15   1.0673685e-17
       10970.000   1.2345160e-15   1.0631573e-17
       10980.000   1.2276713e-15   1.0589461e-17
       10990.000   1.2208266e-15   1.0547350e-17
       11000.000   1.2125058e-15   1.0499897e-17
       11010.000   1.2037438e-15   1.0450849e-17
       11020.000   1.1949818e-15   1.0401801e-17
       11030.000   1.1862198e-15   1.0352753e-17
       11040.000   1.1822259e-15   1.0308726e-17
       11050.000   1.1809148e-15   1.0267524e-17
       11060.000   1.1796036e-15   1.0226322e-17
       11070.000   1.1782925e-15   1.0185119e-17
       11080.000   1.1775905e-15   1.0175423e-17
       11090.000   1.1775225e-15   1.0198515e-17
       11100.000   1.1774545e-15   1.0221606e-17
       11110.000   1.1773865e-15   1.0244697e-17
       11120.000   1.1783788e-15   1.0277743e-17
       11130.000   1.1814290e-15   1.0330109e-17
       11140.000   1.1844791e-15   1.0382476e-17
       11150.000   1.1875293e-15   1.0434842e-17
       11160.000   1.1910727e-15   1.0508056e-17
       11170.000   1.1967198e-15   1.0670181e-17
       11180.000   1.2023669e-15   1.0832305e-17
       11190.000   1.2080141e-15   1.0994430e-17
       11200.000   1.2135561e-15   1.1154721e-17
       11210.000   1.2139536e-15   1.1225274e-17
       11220.000   1.2143510e-15   1.1295828e-17
       11230.000   1.2147485e-15   1.1366381e-17
       11240.000   1.2151459e-15   1.1436934e-17
       11250.000   1.2172611e-15   1.1546558e-17
       11260.000   1.2196794e-15   1.1663077e-17
       11270.000   1.2220978e-15   1.1779596e-17
       11280.000   1.2245161e-15   1.1896115e-17
       11290.000   1.2176430e-15   1.1917126e-17
       11300.000   1.2059826e-15   1.1888928e-17
       11310.000   1.1943222e-15   1.1860729e-17
       11320.000   1.1826617e-15   1.1832531e-17
       11330.000   1.1722373e-15   1.1752524e-17
       11340.000   1.1631514e-15   1.1616410e-17
       11350.000   1.1540656e-15   1.1480295e-17
       11360.000   1.1449797e-15   1.1344181e-17
       11370.000   1.1381921e-15   1.1247902e-17
       11380.000   1.1373117e-15   1.1254018e-17
       11390.000   1.1364313e-15   1.1260134e-17
       11400.000   1.1355510e-15   1.1266250e-17
       11410.000   1.1361563e-15   1.1267178e-17
       11420.000   1.1538511e-15   1.1208440e-17
       11430.000   1.1715460e-15   1.1149702e-17
       11440.000   1.1892409e-15   1.1090964e-17
       11450.000   1.2069358e-15   1.1032226e-17
       11460.000   1.2248280e-15   1.1045449e-17
       11470.000   1.2427496e-15   1.1069432e-17
       11480.000   1.2606712e-15   1.1093416e-17
       11490.000   1.2785929e-15   1.1117399e-17
       11500.000   1.2918910e-15   1.1089143e-17
       11510.000   1.3028069e-15   1.1033970e-17
       11520.000   1.3137228e-15   1.0978798e-17
       11530.000   1.3246387e-15   1.0923626e-17
       11540.000   1.3311202e-15   1.0833294e-17
       11550.000   1.3317229e-15   1.0696353e-17
       11560.000   1.3323257e-15   1.0559411e-17
       11570.000   1.3329284e-15   1.0422470e-17
       11580.000   1.3329546e-15   1.0288913e-17
       11590.000   1.3308123e-15   1.0168083e-17
       11600.000   1.3286701e-15   1.0047253e-17
       11610.000   1.3265278e-15   9.9264228e-18
       11620.000   1.3243856e-15   9.8055927e-18
       11630.000   1.3121181e-15   9.9889852e-18
       11640.000   1.2995376e-15   1.0181780e-17
       11650.000   1.2869572e-15   1.0374576e-17
       11660.000   1.2743767e-15   1.0567371e-17
       11670.000   1.2682539e-15   1.0298026e-17
       11680.000   1.2643996e-15   9.8663410e-18
       11690.000   1.2605453e-15   9.4346558e-18
       11700.000   1.2566910e-15   9.0029707e-18
       11710.000   1.2478098e-15   8.7461106e-18
       11720.000   1.2336954e-15   8.6712539e-18
       11730.000   1.2195810e-15   8.5963972e-18
       11740.000   1.2054666e-15   8.5215405e-18
       11750.000   1.1960004e-15   8.4610969e-18
       11760.000   1.2012505e-15   8.4462853e-18
       11770.000   1.2065005e-15   8.4314736e-18
       11780.000   1.2117506e-15   8.4166620e-18
       11790.000   1.2170006e-15   8.4018504e-18
       11800.000   1.2286160e-15   8.3907821e-18
       11810.000   1.2402961e-15   8.3797519e-18
       11820.000   1.2519761e-15   8.3687217e-18
       11830.000   1.2636562e-15   8.3576915e-18
       11840.000   1.2755459e-15   8.3523937e-18
       11850.000   1.2875130e-15   8.3492163e-18
       11860.000   1.2994802e-15   8.3460388e-18
       11870.000   1.3114474e-15   8.3428614e-18
       11880.000   1.3177826e-15   8.3288761e-18
       11890.000   1.3177649e-15   8.3026995e-18
       11900.000   1.3177472e-15   8.2765228e-18
       11910.000   1.3177295e-15   8.2503462e-18
       11920.000   1.3145251e-15   8.2349854e-18
       11930.000   1.2985736e-15   8.2628882e-18
       11940.000   1.2826221e-15   8.2907909e-18
       11950.000   1.2666706e-15   8.3186937e-18
       11960.000   1.2507192e-15   8.3465964e-18
       11970.000   1.2454222e-15   8.3541333e-18
       11980.000   1.2409263e-15   8.3601390e-18
       11990.000   1.2364303e-15   8.3661448e-18
