       3000.0000   2.2573706e-24       0.0000000
       3010.0000   2.4719490e-24       0.0000000
       3020.0000   2.7051484e-24       0.0000000
       3030.0000   2.9584246e-24       0.0000000
       3040.0000   3.2333345e-24       0.0000000
       3050.0000   3.5315414e-24       0.0000000
       3060.0000   3.8548215e-24       0.0000000
       3070.0000   4.2050709e-24       0.0000000
       3080.0000   4.5843118e-24       0.0000000
       3090.0000   4.9947002e-24       0.0000000
       3100.0000   5.4385336e-24       0.0000000
       3110.0000   5.9182583e-24       0.0000000
       3120.0000   6.4364782e-24       0.0000000
       3130.0000   6.9959633e-24       0.0000000
       3140.0000   7.5996585e-24       0.0000000
       3150.0000   8.2506933e-24       0.0000000
       3160.0000   8.9523916e-24       0.0000000
       3170.0000   9.7082816e-24       0.0000000
       3180.0000   1.0522107e-23       0.0000000
       3190.0000   1.1397838e-23       0.0000000
       3200.0000   1.2339682e-23       0.0000000
       3210.0000   1.3352097e-23       0.0000000
       3220.0000   1.4439803e-23       0.0000000
       3230.0000   1.5607797e-23       0.0000000
       3240.0000   1.6861362e-23       0.0000000
       3250.0000   1.8206087e-23       0.0000000
       3260.0000   1.9647877e-23       0.0000000
       3270.0000   2.1192971e-23       0.0000000
       3280.0000   2.2847955e-23       0.0000000
       3290.0000   2.4619782e-23       0.0000000
       3300.0000   2.6515785e-23       0.0000000
       3310.0000   2.8543695e-23       0.0000000
       3320.0000   3.0711664e-23       0.0000000
       3330.0000   3.3028276e-23       0.0000000
       3340.0000   3.5502572e-23       0.0000000
       3350.0000   3.8144069e-23       0.0000000
       3360.0000   4.0962779e-23       0.0000000
       3370.0000   4.3969231e-23       0.0000000
       3380.0000   4.7174495e-23       0.0000000
       3390.0000   5.0590202e-23       0.0000000
       3400.0000   5.4228568e-23       0.0000000
       3410.0000   5.8102422e-23       0.0000000
       3420.0000   6.2225225e-23       0.0000000
       3430.0000   6.6611099e-23       0.0000000
       3440.0000   7.1274856e-23       0.0000000
       3450.0000   7.6232019e-23       0.0000000
       3460.0000   8.1498856e-23       0.0000000
       3470.0000   8.7092406e-23       0.0000000
       3480.0000   9.3030509e-23       0.0000000
       3490.0000   9.9331839e-23       0.0000000
       3500.0000   1.0601593e-22       0.0000000
       3510.0000   1.1310322e-22       0.0000000
       3520.0000   1.2061505e-22       0.0000000
       3530.0000   1.2857377e-22       0.0000000
       3540.0000   1.3700269e-22       0.0000000
       3550.0000   1.4592616e-22       0.0000000
       3560.0000   1.5536961e-22       0.0000000
       3570.0000   1.6535958e-22       0.0000000
       3580.0000   1.7592374e-22       0.0000000
       3590.0000   1.8709096e-22       0.0000000
       3600.0000   1.9889134e-22       0.0000000
       3610.0000   2.1135624e-22       0.0000000
       3620.0000   2.2451833e-22       0.0000000
       3630.0000   2.3841164e-22       0.0000000
       3640.0000   2.5307159e-22       0.0000000
       3650.0000   2.6853506e-22       0.0000000
       3660.0000   2.8484040e-22       0.0000000
       3670.0000   3.0202750e-22       0.0000000
       3680.0000   3.2013786e-22       0.0000000
       3690.0000   3.3921458e-22       0.0000000
       3700.0000   3.5930247e-22       0.0000000
       3710.0000   3.8044807e-22       0.0000000
       3720.0000   4.0269970e-22       0.0000000
       3730.0000   4.2610753e-22       0.0000000
       3740.0000   4.5072364e-22       0.0000000
       3750.0000   4.7660204e-22       0.0000000
       3760.0000   5.0379875e-22       0.0000000
       3770.0000   5.3237186e-22       0.0000000
       3780.0000   5.6238161e-22       0.0000000
       3790.0000   5.9389037e-22       0.0000000
       3800.0000   6.2696281e-22       0.0000000
       3810.0000   6.6166586e-22       0.0000000
       3820.0000   6.9806885e-22       0.0000000
       3830.0000   7.3624353e-22       0.0000000
       3840.0000   7.7626414e-22       0.0000000
       3850.0000   8.1820749e-22       0.0000000
       3860.0000   8.6215301e-22       0.0000000
       3870.0000   9.0818284e-22       0.0000000
       3880.0000   9.5638188e-22       0.0000000
       3890.0000   1.0068378e-21       0.0000000
       3900.0000   1.0596414e-21       0.0000000
       3910.0000   1.1148861e-21       0.0000000
       3920.0000   1.1726686e-21       0.0000000
       3930.0000   1.2330887e-21       0.0000000
       3940.0000   1.2962494e-21       0.0000000
       3950.0000   1.3622569e-21       0.0000000
       3960.0000   1.4312209e-21       0.0000000
       3970.0000   1.5032542e-21       0.0000000
       3980.0000   1.5784735e-21       0.0000000
       3990.0000   1.6569988e-21       0.0000000
       4000.0000   1.7389538e-21       0.0000000
       4010.0000   1.8244661e-21       0.0000000
       4020.0000   1.9136670e-21       0.0000000
       4030.0000   2.0066917e-21       0.0000000
       4040.0000   2.1036794e-21       0.0000000
       4050.0000   2.2047734e-21       0.0000000
       4060.0000   2.3101210e-21       0.0000000
       4070.0000   2.4198740e-21       0.0000000
       4080.0000   2.5341883e-21       0.0000000
       4090.0000   2.6532244e-21       0.0000000
       4100.0000   2.7771471e-21       0.0000000
       4110.0000   2.9061259e-21       0.0000000
       4120.0000   3.0403350e-21       0.0000000
       4130.0000   3.1799533e-21       0.0000000
       4140.0000   3.3251645e-21       0.0000000
       4150.0000   3.4761575e-21       0.0000000
       4160.0000   3.6331259e-21       0.0000000
       4170.0000   3.7962687e-21       0.0000000
       4180.0000   3.9657899e-21       0.0000000
       4190.0000   4.1418990e-21       0.0000000
       4200.0000   4.3248107e-21       0.0000000
       4210.0000   4.5147454e-21       0.0000000
       4220.0000   4.7119291e-21       0.0000000
       4230.0000   4.9165932e-21       0.0000000
       4240.0000   5.1289752e-21       0.0000000
       4250.0000   5.3493184e-21       0.0000000
       4260.0000   5.5778719e-21       0.0000000
       4270.0000   5.8148909e-21       0.0000000
       4280.0000   6.0606371e-21       0.0000000
       4290.0000   6.3153781e-21       0.0000000
       4300.0000   6.5793878e-21       0.0000000
       4310.0000   6.8529470e-21       0.0000000
       4320.0000   7.1363425e-21       0.0000000
       4330.0000   7.4298681e-21       0.0000000
       4340.0000   7.7338242e-21       0.0000000
       4350.0000   8.0485181e-21       0.0000000
       4360.0000   8.3742641e-21       0.0000000
       4370.0000   8.7113832e-21       0.0000000
       4380.0000   9.0602040e-21       0.0000000
       4390.0000   9.4210620e-21       0.0000000
       4400.0000   9.7943000e-21       0.0000000
       4410.0000   1.0180268e-20       0.0000000
       4420.0000   1.0579325e-20       0.0000000
       4430.0000   1.0991835e-20       0.0000000
       4440.0000   1.1418172e-20       0.0000000
       4450.0000   1.1858717e-20       0.0000000
       4460.0000   1.2313859e-20       0.0000000
       4470.0000   1.2783993e-20       0.0000000
       4480.0000   1.3269526e-20       0.0000000
       4490.0000   1.3770871e-20       0.0000000
       4500.0000   1.4288448e-20       0.0000000
       4510.0000   1.4822687e-20       0.0000000
       4520.0000   1.5374027e-20       0.0000000
       4530.0000   1.5942915e-20       0.0000000
       4540.0000   1.6529804e-20       0.0000000
       4550.0000   1.7135161e-20       0.0000000
       4560.0000   1.7759457e-20       0.0000000
       4570.0000   1.8403175e-20       0.0000000
       4580.0000   1.9066804e-20       0.0000000
       4590.0000   1.9750846e-20       0.0000000
       4600.0000   2.0455809e-20       0.0000000
       4610.0000   2.1182211e-20       0.0000000
       4620.0000   2.1930581e-20       0.0000000
       4630.0000   2.2701455e-20       0.0000000
       4640.0000   2.3495379e-20       0.0000000
       4650.0000   2.4312911e-20       0.0000000
       4660.0000   2.5154615e-20       0.0000000
       4670.0000   2.6021068e-20       0.0000000
       4680.0000   2.6912856e-20       0.0000000
       4690.0000   2.7830572e-20       0.0000000
       4700.0000   2.8774824e-20       0.0000000
       4710.0000   2.9746226e-20       0.0000000
       4720.0000   3.0745404e-20       0.0000000
       4730.0000   3.1772994e-20       0.0000000
       4740.0000   3.2829642e-20       0.0000000
       4750.0000   3.3916004e-20       0.0000000
       4760.0000   3.5032748e-20       0.0000000
       4770.0000   3.6180551e-20       0.0000000
       4780.0000   3.7360102e-20       0.0000000
       4790.0000   3.8572097e-20       0.0000000
       4800.0000   3.9817249e-20       0.0000000
       4810.0000   4.1096275e-20       0.0000000
       4820.0000   4.2409909e-20       0.0000000
       4830.0000   4.3758890e-20       0.0000000
       4840.0000   4.5143973e-20       0.0000000
       4850.0000   4.6565921e-20       0.0000000
       4860.0000   4.8025509e-20       0.0000000
       4870.0000   4.9523524e-20       0.0000000
       4880.0000   5.1060762e-20       0.0000000
       4890.0000   5.2638033e-20       0.0000000
       4900.0000   5.4256156e-20       0.0000000
       4910.0000   5.5915961e-20       0.0000000
       4920.0000   5.7618293e-20       0.0000000
       4930.0000   5.9364005e-20       0.0000000
       4940.0000   6.1153961e-20       0.0000000
       4950.0000   6.2989040e-20       0.0000000
       4960.0000   6.4870130e-20       0.0000000
       4970.0000   6.6798131e-20       0.0000000
       4980.0000   6.8773954e-20       0.0000000
       4990.0000   7.0798523e-20       0.0000000
       5000.0000   7.2872774e-20       0.0000000
       5010.0000   7.4997652e-20       0.0000000
       5020.0000   7.7174118e-20       0.0000000
       5030.0000   7.9403140e-20       0.0000000
       5040.0000   8.1685702e-20       0.0000000
       5050.0000   8.4022798e-20       0.0000000
       5060.0000   8.6415432e-20       0.0000000
       5070.0000   8.8864624e-20       0.0000000
       5080.0000   9.1371403e-20       0.0000000
       5090.0000   9.3936810e-20       0.0000000
       5100.0000   9.6561899e-20       0.0000000
       5110.0000   9.9247736e-20       0.0000000
       5120.0000   1.0199540e-19       0.0000000
       5130.0000   1.0480597e-19       0.0000000
       5140.0000   1.0768057e-19       0.0000000
       5150.0000   1.1062029e-19       0.0000000
       5160.0000   1.1362626e-19       0.0000000
       5170.0000   1.1669963e-19       0.0000000
       5180.0000   1.1984154e-19       0.0000000
       5190.0000   1.2305315e-19       0.0000000
       5200.0000   1.2633564e-19       0.0000000
       5210.0000   1.2969019e-19       0.0000000
       5220.0000   1.3311799e-19       0.0000000
       5230.0000   1.3662027e-19       0.0000000
       5240.0000   1.4019823e-19       0.0000000
       5250.0000   1.4385311e-19       0.0000000
       5260.0000   1.4758615e-19       0.0000000
       5270.0000   1.5139862e-19       0.0000000
       5280.0000   1.5529178e-19       0.0000000
       5290.0000   1.5926691e-19       0.0000000
       5300.0000   1.6332531e-19       0.0000000
       5310.0000   1.6746827e-19       0.0000000
       5320.0000   1.7169711e-19       0.0000000
       5330.0000   1.7601316e-19       0.0000000
       5340.0000   1.8041776e-19       0.0000000
       5350.0000  -4.8529640e-18   9.1521786e-18
       5360.0000  -3.7163269e-19   9.0480281e-18
       5370.0000   1.0959735e-17   8.7722922e-18
       5380.0000   1.2331821e-17   8.7970289e-18
       5390.0000  -4.5670405e-18   8.6699311e-18
       5400.0000   2.3406796e-18   8.4862015e-18
       5410.0000   1.2085844e-17   8.4890931e-18
       5420.0000  -4.7206230e-18   8.4868325e-18
       5430.0000   2.0571608e-18   8.3433982e-18
       5440.0000   1.6111593e-17   8.3489627e-18
       5450.0000   4.4348669e-18   8.3401931e-18
       5460.0000   2.3918548e-17   1.1189116e-17
       5470.0000   2.2816375e-17   8.1499599e-18
       5480.0000  -7.1792180e-18   7.8304837e-18
       5490.0000   4.2149538e-18   7.5830976e-18
       5500.0000   9.4536502e-18   7.5188177e-18
       5510.0000   3.0481827e-18   7.4185269e-18
       5520.0000   3.4960396e-18   7.4724319e-18
       5530.0000   1.0582341e-17   7.2160893e-18
       5540.0000   3.6167033e-18   7.2308402e-18
       5550.0000   4.3976744e-18   7.2103851e-18
       5560.0000   1.5837820e-17   7.3071419e-18
       5570.0000  -2.5313050e-17   9.5521396e-18
       5580.0000   4.4236092e-17   1.1488710e-16
       5590.0000   4.2971211e-18   7.1569402e-18
       5600.0000  -6.2102777e-18   6.9758776e-18
       5610.0000   6.4751175e-18   6.9329260e-18
       5620.0000   3.0657081e-18   6.8267981e-18
       5630.0000  -7.9512549e-19   6.7519918e-18
       5640.0000   2.1693854e-19   6.7122498e-18
       5650.0000  -6.6487221e-19   6.7374891e-18
       5660.0000   7.2541541e-18   6.7574283e-18
       5670.0000   6.2980251e-18   7.3428486e-18
       5680.0000   1.1109998e-17   7.8756458e-18
       5690.0000  -8.9442660e-18   9.0200450e-18
       5700.0000   2.1586958e-18   7.2693425e-18
       5710.0000   3.2966208e-19   6.7620964e-18
       5720.0000   7.2405135e-18   6.5739037e-18
       5730.0000  -9.7390256e-19   6.3834056e-18
       5740.0000   9.8583166e-18   6.3520533e-18
       5750.0000   1.1805144e-18   6.2604413e-18
       5760.0000  -4.7122656e-19   6.4078744e-18
       5770.0000   1.0524832e-18   7.3556445e-18
       5780.0000   9.2076603e-18   6.3695397e-18
       5790.0000  -3.6203353e-18   7.3601269e-18
       5800.0000  -1.2249059e-18   6.5228716e-18
       5810.0000   3.5656364e-18   6.5150539e-18
       5820.0000   8.6245027e-18   6.5638386e-18
       5830.0000  -3.0338906e-18   6.5956701e-18
       5840.0000  -7.9884989e-19   6.7183837e-18
       5850.0000   7.6457755e-19   6.8004369e-18
       5860.0000   4.9272244e-18   6.9163180e-18
       5870.0000   9.6351297e-18   7.2891212e-18
       5880.0000   4.5119969e-18   6.5028657e-18
       5890.0000   3.2470954e-18   1.8061753e-17
       5900.0000  -3.4856502e-18   7.2623236e-18
       5910.0000  -9.3227244e-18   6.4928970e-18
       5920.0000  -9.9638193e-19   6.7069560e-18
       5930.0000  -4.0037879e-19   6.9872800e-18
       5940.0000   3.1991884e-20   6.6677269e-18
       5950.0000   8.1421192e-18   6.8014629e-18
       5960.0000   8.6044320e-18   6.4844964e-18
       5970.0000   3.9221694e-18   6.6261862e-18
       5980.0000   8.1521937e-18   6.4258480e-18
       5990.0000   1.6817232e-18   6.2403005e-18
       6000.0000  -1.1931584e-18   6.1697755e-18
       6010.0000  -1.8812014e-18   5.9362117e-18
       6020.0000  -1.7159281e-18   5.8061490e-18
       6030.0000   2.2406709e-18   5.8298656e-18
       6040.0000   6.2781547e-18   5.7008899e-18
       6050.0000   2.4055556e-18   5.6593769e-18
       6060.0000   4.5763212e-18   5.5421695e-18
       6070.0000   2.6580051e-18   5.4646848e-18
       6080.0000   2.0304426e-19   5.2959514e-18
       6090.0000  -4.7652498e-18   5.2340400e-18
       6100.0000   4.0672692e-18   5.2938817e-18
       6110.0000   1.0863056e-17   5.4988556e-18
       6120.0000   1.7650280e-18   5.1798604e-18
       6130.0000   5.8831201e-18   5.0263051e-18
       6140.0000   1.0586177e-18   5.1405844e-18
       6150.0000   8.2029880e-19   5.1376071e-18
       6160.0000   1.0811262e-17   5.4460529e-18
       6170.0000   1.3801435e-17   4.9880660e-18
       6180.0000   4.1773527e-18   4.7702975e-18
       6190.0000  -1.7206953e-18   4.6139044e-18
       6200.0000   4.7778563e-18   4.6451450e-18
       6210.0000   7.7959855e-18   4.6337705e-18
       6220.0000   4.4893188e-18   4.5859115e-18
       6230.0000   1.3250801e-17   4.5123901e-18
       6240.0000   5.9171183e-18   1.0245480e-17
       6250.0000   5.0973638e-18   4.3364115e-18
       6260.0000   1.6923151e-17   5.2470809e-18
       6270.0000  -1.0465396e-18   4.2677582e-18
       6280.0000   9.5647283e-18   4.2069050e-18
       6290.0000   7.2058194e-19   4.6336889e-18
       6300.0000   1.2113614e-17   3.8910090e-17
       6310.0000   5.2278718e-18   4.4203784e-18
       6320.0000   9.5208357e-19   4.1354879e-18
       6330.0000   1.3244427e-17   4.8140160e-18
       6340.0000   7.7567696e-18   3.8260549e-18
       6350.0000   3.5165922e-18   4.0334284e-18
       6360.0000   5.9190962e-18   4.8278886e-18
       6370.0000   1.2086856e-17   3.8181441e-18
       6380.0000   6.3040284e-18   3.8337888e-18
       6390.0000   1.0112476e-17   3.6715686e-18
       6400.0000   8.2247978e-18   3.5658603e-18
       6410.0000   6.6937399e-18   3.5461160e-18
       6420.0000   7.0917211e-18   3.5955528e-18
       6430.0000   9.6184304e-18   3.4596000e-18
       6440.0000   6.1054962e-18   3.4237216e-18
       6450.0000   1.2107122e-17   3.5138026e-18
       6460.0000   1.5475525e-17   3.6156528e-18
       6470.0000   6.3472579e-18   3.9063974e-18
       6480.0000   1.2466442e-17   3.4852617e-18
       6490.0000   1.1918848e-17   3.3625593e-18
       6500.0000   1.5817560e-17   4.3120376e-18
       6510.0000   1.3141596e-17   3.3950930e-18
       6520.0000   2.3279868e-17   3.4972447e-18
       6530.0000   1.7702046e-17   3.6988691e-18
       6540.0000   1.5051158e-17   3.4836276e-18
       6550.0000   1.6543682e-17   3.6934395e-18
       6560.0000   2.2822186e-17   3.7109621e-18
       6570.0000   1.6136110e-17   3.5230231e-18
       6580.0000   1.8018875e-17   3.6703308e-18
       6590.0000   1.5956369e-17   3.2990254e-18
       6600.0000   2.0882512e-17   3.4125954e-18
       6610.0000   2.5466254e-17   3.2504878e-18
       6620.0000   1.9857882e-17   3.2291940e-18
       6630.0000   2.0425938e-17   3.2735668e-18
       6640.0000   2.1426603e-17   3.2070485e-18
       6650.0000   2.9733348e-17   3.2100646e-18
       6660.0000   2.5215929e-17   4.1011682e-18
       6670.0000   2.8796889e-17   3.5507167e-18
       6680.0000   2.5173066e-17   3.1274380e-18
       6690.0000   2.1063095e-17   3.1231722e-18
       6700.0000   2.3846289e-17   3.1748800e-18
       6710.0000   2.0791145e-17   3.1954744e-18
       6720.0000   2.9426357e-17   3.1098977e-18
       6730.0000   3.0432642e-17   3.1393692e-18
       6740.0000   2.4550591e-17   3.0764464e-18
       6750.0000   3.1388588e-17   3.0145768e-18
       6760.0000   2.8865847e-17   2.9874689e-18
       6770.0000   3.4303898e-17   2.9697641e-18
       6780.0000   3.4219724e-17   2.9479203e-18
       6790.0000   3.3390073e-17   2.9179447e-18
       6800.0000   3.1674342e-17   2.9087694e-18
       6810.0000   2.9771530e-17   2.8670984e-18
       6820.0000   3.2016523e-17   2.8821642e-18
       6830.0000   3.9492889e-17   5.0482425e-18
       6840.0000   2.9010136e-17   3.1289040e-18
       6850.0000   2.8009611e-17   2.8429976e-18
       6860.0000   2.6980761e-17   3.4440444e-18
       6870.0000   1.9274893e-17   3.3871109e-18
       6880.0000   2.1825212e-17   2.8991725e-18
       6890.0000   2.4413584e-17   3.2355412e-18
       6900.0000   2.8215257e-17   3.0705576e-18
       6910.0000   2.9503376e-17   2.9917670e-18
       6920.0000   2.7030612e-17   7.0847357e-18
       6930.0000   2.5584724e-17   5.9229093e-18
       6940.0000   3.0522132e-17   3.2199984e-18
       6950.0000   3.0240244e-17   3.9963955e-18
       6960.0000   2.6043626e-17   2.7453415e-18
       6970.0000   2.9556536e-17   3.0586713e-18
       6980.0000   3.3854644e-17   3.4448484e-18
       6990.0000   3.1688795e-17   2.6562855e-18
       7000.0000   2.4587572e-17   2.7309972e-18
       7010.0000   3.5591967e-17   2.9238340e-18
       7020.0000   3.2574173e-17   2.7345572e-18
       7030.0000   3.7721450e-17   2.6526784e-18
       7040.0000   4.0403528e-17   2.7465471e-18
       7050.0000   3.9898103e-17   3.0319297e-18
       7060.0000   4.1528628e-17   2.7322647e-18
       7070.0000   4.2001182e-17   2.8079298e-18
       7080.0000   4.5451118e-17   2.8131825e-18
       7090.0000   4.7132998e-17   2.8454595e-18
       7100.0000   3.4917337e-17   2.6765802e-18
       7110.0000   4.1317381e-17   2.6893508e-18
       7120.0000   4.9631695e-17   2.6935605e-18
       7130.0000   4.7765962e-17   2.7646594e-18
       7140.0000   4.0301688e-17   2.7451746e-18
       7150.0000   4.0031059e-17   2.7790844e-18
       7160.0000   4.5745055e-17   2.7412884e-18
       7170.0000   3.8106405e-17   2.6840030e-18
       7180.0000   4.3135968e-17   2.6654478e-18
       7190.0000   4.3670880e-17   2.5088888e-18
       7200.0000   5.1473710e-17   2.5279756e-18
       7210.0000   4.5278945e-17   2.5683884e-18
       7220.0000   5.0211095e-17   2.6885899e-18
       7230.0000   4.8647754e-17   2.7102712e-18
       7240.0000   4.6657664e-17   6.9330266e-18
       7250.0000   5.0366849e-17   3.5449298e-18
       7260.0000   5.2988507e-17   2.7874494e-18
       7270.0000   4.4920948e-17   3.2762724e-18
       7280.0000   5.0738482e-17   4.4519353e-18
       7290.0000   4.8786831e-17   2.9710909e-18
       7300.0000   5.5331167e-17   3.1253687e-18
       7310.0000   4.4692567e-17   3.1665364e-18
       7320.0000   5.2608555e-17   3.8342774e-18
       7330.0000   5.3744136e-17   4.1896156e-18
       7340.0000   5.5630569e-17   7.1753336e-18
       7350.0000   5.2123261e-17   2.8871717e-18
       7360.0000   5.0197653e-17   4.0068197e-18
       7370.0000   5.6390867e-17   6.9060646e-18
       7380.0000   4.7035146e-17   2.7713651e-18
       7390.0000   5.6291457e-17   3.3799631e-18
       7400.0000   4.7847918e-17   4.1662123e-18
       7410.0000   5.1855793e-17   2.7978667e-18
       7420.0000   4.9458140e-17   2.7615308e-18
       7430.0000   5.1314325e-17   3.3026531e-18
       7440.0000   4.1556459e-17   3.7256663e-18
       7450.0000   4.0010838e-17   2.7269345e-18
       7460.0000   4.4810555e-17   2.8881065e-18
       7470.0000   4.5388798e-17   3.4278225e-18
       7480.0000   3.7926874e-17   3.8218269e-18
       7490.0000   3.5480925e-17   2.9165193e-18
       7500.0000   3.5568545e-17   2.7861911e-18
       7510.0000   3.2570972e-17   2.7542575e-18
       7520.0000   3.7302997e-17   3.6505463e-18
       7530.0000   2.6746941e-17   3.5831684e-18
       7540.0000   3.2959106e-17   2.9113497e-18
       7550.0000   2.9342364e-17   2.9266439e-18
       7560.0000   2.8380392e-17   3.0482472e-18
       7570.0000   2.4070439e-17   4.1983241e-18
       7580.0000   2.1990953e-17   2.8020905e-18
       7590.0000   2.0961538e-17   2.8130942e-18
       7600.0000   1.1239079e-17   8.6785481e-18
       7610.0000   9.6980196e-18   4.0205405e-18
       7620.0000   1.6186224e-17   3.1385895e-18
       7630.0000   1.2322043e-17   5.0977813e-18
       7640.0000   7.1292535e-18   2.6274804e-18
       7650.0000   7.5963986e-18   2.6728373e-18
       7660.0000   9.0512894e-19   3.0812795e-18
       7670.0000   3.2425009e-18   2.7456914e-18
       7680.0000   6.0831445e-18   2.8146956e-18
       7690.0000  -4.4507547e-18   3.1001079e-18
       7700.0000   4.0980217e-18   3.5135060e-18
       7710.0000  -1.7889105e-18   4.7676395e-18
       7720.0000   9.6569679e-18   5.7770133e-18
       7730.0000   1.0593322e-17   3.2763544e-18
       7740.0000   1.2610944e-17   3.0243832e-18
       7750.0000   2.9641532e-17   1.1402127e-17
       7760.0000   2.5972360e-17   5.2806717e-18
       7770.0000   2.8844370e-17   3.3494309e-18
       7780.0000   2.2285284e-17   4.3846985e-18
       7790.0000   3.0212062e-17   4.3902525e-18
       7800.0000   1.2900285e-17   3.4394222e-18
       7810.0000   4.8778728e-17   5.6190574e-18
       7820.0000   4.5151780e-17   7.9982671e-18
       7830.0000   4.1971555e-17   3.2254678e-18
       7840.0000   5.4848967e-17   4.6335305e-18
       7850.0000   6.9580986e-17   5.5595033e-18
       7860.0000   5.9528557e-17   5.9065891e-18
       7870.0000   5.6430253e-17   6.0672926e-18
       7880.0000   5.5910533e-17   5.5318561e-18
       7890.0000   6.4839431e-17   6.9805264e-18
       7900.0000   6.2352457e-17   3.2636480e-18
       7910.0000   8.2636588e-17   5.3884141e-18
       7920.0000   9.9124475e-17   6.6898273e-18
       7930.0000   8.6017036e-17   5.1473718e-18
       7940.0000   7.5154889e-17   3.2349983e-18
       7950.0000   5.6161634e-17   4.6584398e-18
       7960.0000   9.9840368e-17   4.1060406e-18
       7970.0000   9.1125579e-17   4.2434211e-18
       7980.0000   1.0472282e-16   6.6242598e-18
       7990.0000   1.0448997e-16   5.4510777e-18
       8000.0000   1.1202475e-16   3.8137203e-18
       8010.0000   1.0716688e-16   3.6674803e-18
       8020.0000   1.0490622e-16   4.0802709e-18
       8030.0000   1.1110214e-16   4.9303810e-18
       8040.0000   1.1475254e-16   3.3103115e-18
       8050.0000   1.2469502e-16   3.9483372e-18
       8060.0000   1.2623762e-16   4.5779038e-18
       8070.0000   1.3770319e-16   3.4282200e-18
       8080.0000   1.4704321e-16   3.5027823e-18
       8090.0000   1.4443761e-16   3.5152676e-18
       8100.0000   1.3799394e-16   3.8882646e-18
       8110.0000   1.3884996e-16   3.5127178e-18
       8120.0000   1.5644426e-16   3.4054431e-18
       8130.0000   1.5200513e-16   3.4589308e-18
       8140.0000   1.5096510e-16   3.7256673e-18
       8150.0000   1.5149161e-16   3.6322997e-18
       8160.0000   1.5394740e-16   3.3806722e-18
       8170.0000   1.6693673e-16   3.5509574e-18
       8180.0000   1.4149960e-16   4.0965678e-18
       8190.0000   1.4990722e-16   4.5673471e-18
       8200.0000   1.4765427e-16   4.3024296e-18
       8210.0000   1.8348187e-16   3.9913332e-18
       8220.0000   1.8229175e-16   3.7622852e-18
       8230.0000   1.7960816e-16   3.5444641e-18
       8240.0000   2.0194406e-16   3.7531847e-18
       8250.0000   2.0152817e-16   3.8628002e-18
       8260.0000   2.0539014e-16   3.7302249e-18
       8270.0000   2.0630361e-16   3.7904205e-18
       8280.0000   2.1771913e-16   9.0172493e-18
       8290.0000   2.0873002e-16   9.9252899e-18
       8300.0000   2.2452109e-16   1.2184675e-17
       8310.0000   2.1946478e-16   5.8346847e-18
       8320.0000   2.1226628e-16   4.0557135e-18
       8330.0000   2.1441831e-16   3.8670279e-18
       8340.0000   2.2952818e-16   6.8968492e-18
       8350.0000   2.3978841e-16   7.7844949e-18
       8360.0000   2.3786497e-16   4.8707410e-18
       8370.0000   2.4860792e-16   4.4225166e-18
       8380.0000   2.4746671e-16   6.1075465e-18
       8390.0000   2.4316583e-16   4.3899870e-18
       8400.0000   2.5239987e-16   1.8839770e-17
       8410.0000   2.5538086e-16   4.8016252e-18
       8420.0000   2.7058835e-16   5.0313068e-18
       8430.0000   2.7453592e-16   2.2191916e-17
       8440.0000   2.6139380e-16   4.3185135e-18
       8450.0000   2.4099791e-16   6.3184174e-18
       8460.0000   2.4649107e-16   5.5124907e-18
       8470.0000   2.5639214e-16   6.2312737e-18
       8480.0000   2.4923425e-16   4.2688483e-18
       8490.0000   2.5612924e-16   5.0533652e-18
       8500.0000   2.5662434e-16   5.4111646e-18
       8510.0000   2.4867563e-16   5.0644262e-18
       8520.0000   1.5152736e-16   4.0612350e-18
       8530.0000   2.7069498e-16   4.3528202e-18
       8540.0000   2.7756039e-16   5.3532830e-18
       8550.0000   2.8949843e-16   6.4825749e-18
       8560.0000   2.8931881e-16   4.4907389e-18
       8570.0000   2.9779609e-16   4.5826308e-18
       8580.0000   3.1203018e-16   4.6592893e-18
       8590.0000   3.0104700e-16   5.0499458e-18
       8600.0000   3.1580974e-16   5.1626515e-18
       8610.0000   2.3576126e-16   4.9965759e-18
       8620.0000   1.5369348e-16   7.1885159e-18
       8630.0000   1.4959930e-16   9.3103026e-18
       8640.0000   1.6223962e-16   6.6834453e-18
       8650.0000   1.9522256e-16   8.4093065e-18
       8660.0000   2.0832514e-16   1.0100140e-17
       8670.0000   2.0252569e-16   7.9875207e-18
       8680.0000   2.2023795e-16   6.3185206e-18
       8690.0000   2.1335453e-16   5.2759876e-18
       8700.0000   1.8090248e-16   4.9686220e-18
       8710.0000   1.5347954e-16   4.7581901e-18
       8720.0000   1.7357229e-16   4.5116224e-18
       8730.0000   1.9615259e-16   4.6440741e-18
       8740.0000   1.9121188e-16   4.7932719e-18
       8750.0000   1.9799486e-16   4.8558614e-18
       8760.0000   2.3256618e-16   1.3204677e-17
       8770.0000   2.1586413e-16   1.4005532e-17
       8780.0000   2.1656169e-16   1.5950028e-17
       8790.0000   2.2113808e-16   7.9357987e-18
       8800.0000   2.1729862e-16   5.0815591e-18
       8810.0000   2.2485538e-16   5.9984524e-18
       8820.0000   2.7249251e-16   6.6313775e-18
       8830.0000   2.7456868e-16   2.2702350e-17
       8840.0000   2.7603406e-16   8.6792227e-18
       8850.0000   2.3457086e-16   7.9762263e-18
       8860.0000   2.5243496e-16   5.9511103e-18
       8870.0000   2.2297569e-16   9.4124854e-18
       8880.0000   3.2163324e-16   7.4415398e-18
       8890.0000   3.0008809e-16   1.1189911e-17
       8900.0000   2.7991934e-16   8.1628636e-18
       8910.0000   2.7880717e-16   1.2849146e-17
       8920.0000   2.7769501e-16   1.7535428e-17
       8930.0000   2.8661119e-16   2.1822654e-17
       8940.0000   2.9603352e-16   2.6089739e-17
       8950.0000   3.0545584e-16   3.0356824e-17
       8960.0000   3.0676405e-16   3.2514531e-17
       8970.0000   3.0226869e-16   3.3163521e-17
       8980.0000   2.9777334e-16   3.3812512e-17
       8990.0000   2.9485162e-16   3.4542993e-17
       9000.0000   2.9842543e-16   3.5609846e-17
       9010.0000   3.0199923e-16   3.6676699e-17
       9020.0000   3.0557304e-16   3.7743552e-17
       9030.0000   3.2417461e-16   3.6011120e-17
       9040.0000   3.4679587e-16   3.3529926e-17
       9050.0000   3.6941713e-16   3.1048731e-17
       9060.0000   3.8196748e-16   2.9094776e-17
       9070.0000   3.7691872e-16   2.8062181e-17
       9080.0000   3.7186997e-16   2.7029585e-17
       9090.0000   3.6682122e-16   2.5996990e-17
       9100.0000   3.9183810e-16   2.3581099e-17
       9110.0000   4.1939946e-16   2.1048139e-17
       9120.0000   4.4696083e-16   1.8515179e-17
       9130.0000   4.5532114e-16   1.7944965e-17
       9140.0000   4.4123481e-16   1.9669265e-17
       9150.0000   4.2714849e-16   2.1393564e-17
       9160.0000   4.1306216e-16   2.3117863e-17
       9170.0000   4.0028378e-16   2.5445625e-17
       9180.0000   3.8752801e-16   2.7783818e-17
       9190.0000   3.7477223e-16   3.0122011e-17
       9200.0000   3.8097381e-16   2.9756946e-17
       9210.0000   4.0714391e-16   2.6544434e-17
       9220.0000   4.3331401e-16   2.3331923e-17
       9230.0000   4.5948411e-16   2.0119411e-17
       9240.0000   4.6693665e-16   2.0584995e-17
       9250.0000   4.7387073e-16   2.1152461e-17
       9260.0000   4.8080480e-16   2.1719927e-17
       9270.0000   4.8376257e-16   2.1140476e-17
       9280.0000   4.8170034e-16   1.9113063e-17
       9290.0000   4.7963810e-16   1.7085649e-17
       9300.0000   4.7757586e-16   1.5058235e-17
       9310.0000   4.9250841e-16   2.0816864e-17
       9320.0000   5.0945509e-16   2.7498252e-17
       9330.0000   5.2640177e-16   3.4179640e-17
       9340.0000   5.3081746e-16   3.7732724e-17
       9350.0000   5.0956308e-16   3.4877395e-17
       9360.0000   4.8830871e-16   3.2022067e-17
       9370.0000   4.6705433e-16   2.9166738e-17
       9380.0000   4.6403069e-16   2.8542065e-17
       9390.0000   4.6721442e-16   2.8676906e-17
       9400.0000   4.7039815e-16   2.8811748e-17
       9410.0000   4.7476417e-16   2.8841410e-17
       9420.0000   4.8604597e-16   2.8255828e-17
       9430.0000   4.9732778e-16   2.7670246e-17
       9440.0000   5.0860958e-16   2.7084663e-17
       9450.0000   5.0868167e-16   2.9037545e-17
       9460.0000   4.9885509e-16   3.3232007e-17
       9470.0000   4.8902850e-16   3.7426468e-17
       9480.0000   4.7920192e-16   4.1620930e-17
       9490.0000   5.0681828e-16   3.7225538e-17
       9500.0000   5.3868546e-16   3.1854960e-17
       9510.0000   5.7055263e-16   2.6484383e-17
       9520.0000   5.9189441e-16   2.2720143e-17
       9530.0000   5.8149488e-16   2.3800109e-17
       9540.0000   5.7109536e-16   2.4880076e-17
       9550.0000   5.6069584e-16   2.5960043e-17
       9560.0000   5.6214677e-16   2.7030464e-17
       9570.0000   5.7200578e-16   2.8094112e-17
       9580.0000   5.8186479e-16   2.9157760e-17
       9590.0000   5.9172380e-16   3.0221409e-17
       9600.0000   5.9677016e-16   2.6997919e-17
       9610.0000   6.0130546e-16   2.3319178e-17
       9620.0000   6.0584075e-16   1.9640438e-17
       9630.0000   6.0733111e-16   1.7945507e-17
       9640.0000   5.9715876e-16   2.3848940e-17
       9650.0000   5.8698641e-16   2.9752373e-17
       9660.0000   5.7681406e-16   3.5655807e-17
       9670.0000   5.7565654e-16   3.7320017e-17
       9680.0000   5.8369525e-16   3.4659702e-17
       9690.0000   5.9173397e-16   3.1999387e-17
       9700.0000   5.9977268e-16   2.9339072e-17
       9710.0000   6.0553318e-16   3.2006596e-17
       9720.0000   6.1060156e-16   3.6292688e-17
       9730.0000   6.1566995e-16   4.0578780e-17
       9740.0000   6.2044919e-16   4.4558175e-17
       9750.0000   6.1348164e-16   3.6077730e-17
       9760.0000   6.0651408e-16   2.7597285e-17
       9770.0000   5.9954653e-16   1.9116840e-17
       9780.0000   5.9686122e-16   1.3842308e-17
       9790.0000   6.0599137e-16   1.7413460e-17
       9800.0000   6.1512152e-16   2.0984612e-17
       9810.0000   6.2425168e-16   2.4555764e-17
       9820.0000   6.3461492e-16   2.7660648e-17
       9830.0000   6.4624642e-16   3.0285965e-17
       9840.0000   6.5787792e-16   3.2911282e-17
       9850.0000   6.6950942e-16   3.5536599e-17
       9860.0000   6.6312437e-16   3.3398465e-17
       9870.0000   6.4919976e-16   2.9266928e-17
       9880.0000   6.3527516e-16   2.5135390e-17
       9890.0000   6.2135055e-16   2.1003853e-17
       9900.0000   6.2716936e-16   2.0207428e-17
       9910.0000   6.3513437e-16   1.9773548e-17
       9920.0000   6.4309939e-16   1.9339667e-17
       9930.0000   6.5026560e-16   1.9114509e-17
       9940.0000   6.4893552e-16   2.1109405e-17
       9950.0000   6.4760543e-16   2.3104300e-17
       9960.0000   6.4627534e-16   2.5099196e-17
       9970.0000   6.4184364e-16   2.6005500e-17
       9980.0000   6.2834941e-16   2.3731083e-17
       9990.0000   6.1485519e-16   2.1456666e-17
       10000.000   6.0136096e-16   1.9182249e-17
       10010.000   5.9344892e-16   1.9872340e-17
       10020.000   5.9356782e-16   2.4827398e-17
       10030.000   5.9368673e-16   2.9782456e-17
       10040.000   5.9380564e-16   3.4737514e-17
       10050.000   5.9347869e-16   3.4414337e-17
       10060.000   5.9278696e-16   2.9772604e-17
       10070.000   5.9209523e-16   2.5130871e-17
       10080.000   5.9140349e-16   2.0489138e-17
       10090.000   5.8536559e-16   1.8599469e-17
       10100.000   5.7681163e-16   1.8005004e-17
       10110.000   5.6825766e-16   1.7410539e-17
       10120.000   5.5970369e-16   1.6816074e-17
       10130.000   5.6889488e-16   1.8522017e-17
       10140.000   5.8280479e-16   2.0839677e-17
       10150.000   5.9671471e-16   2.3157337e-17
       10160.000   6.1062463e-16   2.5474997e-17
       10170.000   6.2802147e-16   2.5116665e-17
       10180.000   6.4580617e-16   2.4460678e-17
       10190.000   6.6359087e-16   2.3804690e-17
       10200.000   6.8137558e-16   2.3148703e-17
       10210.000   6.8261037e-16   2.6374046e-17
       10220.000   6.8350708e-16   2.9678679e-17
       10230.000   6.8440378e-16   3.2983311e-17
       10240.000   6.8511622e-16   3.5794536e-17
       10250.000   6.8294474e-16   3.0883729e-17
       10260.000   6.8077326e-16   2.5972921e-17
       10270.000   6.7860178e-16   2.1062114e-17
       10280.000   6.7800463e-16   1.6565530e-17
       10290.000   6.8895048e-16   1.5106020e-17
       10300.000   6.9989632e-16   1.3646510e-17
       10310.000   7.1084217e-16   1.2187000e-17
       10320.000   7.1946531e-16   1.2159571e-17
       10330.000   7.1674977e-16   1.9123098e-17
       10340.000   7.1403422e-16   2.6086625e-17
       10350.000   7.1131868e-16   3.3050152e-17
       10360.000   7.0860342e-16   3.7694582e-17
       10370.000   7.0588924e-16   3.3617870e-17
       10380.000   7.0317507e-16   2.9541159e-17
       10390.000   7.0046089e-16   2.5464447e-17
       10400.000   7.0156488e-16   2.3554425e-17
       10410.000   7.1475716e-16   2.8504116e-17
       10420.000   7.2794943e-16   3.3453808e-17
       10430.000   7.4114171e-16   3.8403499e-17
       10440.000   7.5695332e-16   4.1682191e-17
       10450.000   7.8062294e-16   3.9947886e-17
       10460.000   8.0429257e-16   3.8213581e-17
       10470.000   8.2796219e-16   3.6479276e-17
       10480.000   8.4315445e-16   3.5417786e-17
       10490.000   8.3422622e-16   3.6270648e-17
       10500.000   8.2529798e-16   3.7123510e-17
       10510.000   8.1636975e-16   3.7976372e-17
       10520.000   8.1045433e-16   3.8109825e-17
       10530.000   8.1357264e-16   3.6086175e-17
       10540.000   8.1669095e-16   3.4062525e-17
       10550.000   8.1980926e-16   3.2038875e-17
       10560.000   8.2562766e-16   3.1212844e-17
       10570.000   8.4048649e-16   3.4396677e-17
       10580.000   8.5534532e-16   3.7580509e-17
       10590.000   8.7020415e-16   4.0764341e-17
       10600.000   8.8103088e-16   4.3182699e-17
       10610.000   8.7572916e-16   4.2539159e-17
       10620.000   8.7042745e-16   4.1895619e-17
       10630.000   8.6512574e-16   4.1252079e-17
       10640.000   8.6092408e-16   4.0661330e-17
       10650.000   8.6249939e-16   4.0347816e-17
       10660.000   8.6407471e-16   4.0034302e-17
       10670.000   8.6565002e-16   3.9720789e-17
       10680.000   8.6784217e-16   3.9275960e-17
       10690.000   8.7502701e-16   3.7768251e-17
       10700.000   8.8221185e-16   3.6260541e-17
       10710.000   8.8939669e-16   3.4752832e-17
       10720.000   8.9637371e-16   3.3343200e-17
       10730.000   8.9836808e-16   3.4285044e-17
       10740.000   9.0036244e-16   3.5226887e-17
       10750.000   9.0235680e-16   3.6168731e-17
       10760.000   9.0435116e-16   3.7110574e-17
       10770.000   9.0903711e-16   3.3539637e-17
       10780.000   9.1380625e-16   2.9829222e-17
       10790.000   9.1857539e-16   2.6118808e-17
       10800.000   9.2334452e-16   2.2408393e-17
       10810.000   9.2794335e-16   2.8411827e-17
       10820.000   9.3252113e-16   3.5615370e-17
       10830.000   9.3709891e-16   4.2818913e-17
       10840.000   9.4167669e-16   5.0022456e-17
       10850.000   9.5444286e-16   4.9335322e-17
       10860.000   9.6925614e-16   4.6675519e-17
       10870.000   9.8406942e-16   4.4015716e-17
       10880.000   9.9888270e-16   4.1355914e-17
       10890.000   9.9656761e-16   4.3267976e-17
       10900.000   9.8691179e-16   4.7139410e-17
       10910.000   9.7725597e-16   5.1010844e-17
       10920.000   9.6760015e-16   5.4882278e-17
       10930.000   9.6219158e-16   5.3962461e-17
       10940.000   9.5973399e-16   4.9713668e-17
       10950.000   9.5727641e-16   4.5464875e-17
       10960.000   9.5481883e-16   4.1216082e-17
       10970.000   9.5346128e-16   3.9897681e-17
       10980.000   9.5334408e-16   4.1883505e-17
       10990.000   9.5322689e-16   4.3869328e-17
       11000.000   9.5310970e-16   4.5855152e-17
       11010.000   9.4948776e-16   4.7691268e-17
       11020.000   9.3906369e-16   4.9236826e-17
       11030.000   9.2863961e-16   5.0782384e-17
       11040.000   9.1821554e-16   5.2327941e-17
       11050.000   9.1146145e-16   5.1951990e-17
       11060.000   9.1850864e-16   4.4350058e-17
       11070.000   9.2555582e-16   3.6748126e-17
       11080.000   9.3260301e-16   2.9146193e-17
       11090.000   9.3893996e-16   2.2196199e-17
       11100.000   9.3414219e-16   2.5466977e-17
       11110.000   9.2934443e-16   2.8737756e-17
       11120.000   9.2454667e-16   3.2008534e-17
       11130.000   9.1974890e-16   3.5279312e-17
       11140.000   9.2137106e-16   3.4318682e-17
       11150.000   9.2362846e-16   3.2939362e-17
       11160.000   9.2588585e-16   3.1560041e-17
       11170.000   9.2814325e-16   3.0180721e-17
       11180.000   9.3214410e-16   2.8093633e-17
       11190.000   9.3672610e-16   2.5770624e-17
       11200.000   9.4130810e-16   2.3447614e-17
       11210.000   9.4589010e-16   2.1124604e-17
       11220.000   9.3977122e-16   2.1945731e-17
       11230.000   9.2590281e-16   2.5043828e-17
       11240.000   9.1203439e-16   2.8141925e-17
       11250.000   8.9816598e-16   3.1240023e-17
       11260.000   8.9794964e-16   3.2302440e-17
       11270.000   9.1821142e-16   3.0311337e-17
       11280.000   9.3847320e-16   2.8320234e-17
       11290.000   9.5873497e-16   2.6329131e-17
       11300.000   9.7133022e-16   2.5251332e-17
       11310.000   9.5673175e-16   2.7413084e-17
       11320.000   9.4213329e-16   2.9574836e-17
       11330.000   9.2753482e-16   3.1736588e-17
       11340.000   9.1350466e-16   3.3945719e-17
       11350.000   9.1786188e-16   3.7687799e-17
       11360.000   9.2221911e-16   4.1429879e-17
       11370.000   9.2657634e-16   4.5171959e-17
       11380.000   9.3093357e-16   4.8914039e-17
       11390.000   9.3176290e-16   4.2564123e-17
       11400.000   9.3186956e-16   3.4146885e-17
       11410.000   9.3197622e-16   2.5729647e-17
       11420.000   9.3208288e-16   1.7312409e-17
       11430.000   9.3065150e-16   1.8170626e-17
       11440.000   9.2831674e-16   2.4476790e-17
       11450.000   9.2598199e-16   3.0782953e-17
       11460.000   9.2364723e-16   3.7089116e-17
       11470.000   9.2730142e-16   3.9558071e-17
       11480.000   9.3922538e-16   3.6728449e-17
       11490.000   9.5114934e-16   3.3898827e-17
       11500.000   9.6307330e-16   3.1069205e-17
       11510.000   9.7300756e-16   3.0520408e-17
       11520.000   9.7498303e-16   3.9094906e-17
       11530.000   9.7695849e-16   4.7669404e-17
       11540.000   9.7893395e-16   5.6243902e-17
       11550.000   9.8090942e-16   6.4818401e-17
       11560.000   9.8490854e-16   6.0388257e-17
       11570.000   9.8894901e-16   5.5692449e-17
       11580.000   9.9298947e-16   5.0996640e-17
       11590.000   9.9702994e-16   4.6300831e-17
       11600.000   1.0048517e-15   4.3568832e-17
       11610.000   1.0139338e-15   4.1491435e-17
       11620.000   1.0230159e-15   3.9414039e-17
       11630.000   1.0320981e-15   3.7336643e-17
       11640.000   1.0302186e-15   3.8967684e-17
       11650.000   1.0178057e-15   4.4162291e-17
       11660.000   1.0053929e-15   4.9356898e-17
       11670.000   9.9297998e-16   5.4551505e-17
       11680.000   9.8423505e-16   5.6936066e-17
       11690.000   9.8540615e-16   5.1723845e-17
       11700.000   9.8657726e-16   4.6511625e-17
       11710.000   9.8774837e-16   4.1299405e-17
       11720.000   9.8880517e-16   3.6208870e-17
       11730.000   9.8616366e-16   3.5055476e-17
       11740.000   9.8352214e-16   3.3902083e-17
       11750.000   9.8088063e-16   3.2748689e-17
       11760.000   9.7823912e-16   3.1595296e-17
       11770.000   9.7890524e-16   3.6273190e-17
       11780.000   9.8050438e-16   4.2595994e-17
       11790.000   9.8210353e-16   4.8918798e-17
       11800.000   9.8370268e-16   5.5241602e-17
       11810.000   9.8583685e-16   5.4389637e-17
       11820.000   9.8846484e-16   4.6915327e-17
       11830.000   9.9109284e-16   3.9441017e-17
       11840.000   9.9372084e-16   3.1966707e-17
       11850.000   9.9702987e-16   2.6714134e-17
       11860.000   1.0022766e-15   2.7783042e-17
       11870.000   1.0075234e-15   2.8851950e-17
       11880.000   1.0127702e-15   2.9920858e-17
       11890.000   1.0180169e-15   3.0989767e-17
       11900.000   1.0347165e-15   2.9930532e-17
       11910.000   1.0515324e-15   2.8849673e-17
       11920.000   1.0683483e-15   2.7768815e-17
       11930.000   1.0851643e-15   2.6687957e-17
       11940.000   1.0935726e-15   2.8748059e-17
       11950.000   1.0988726e-15   3.1969426e-17
       11960.000   1.1041726e-15   3.5190792e-17
       11970.000   1.1094725e-15   3.8412159e-17
       11980.000   1.1094999e-15   4.0720598e-17
       11990.000   1.1030805e-15   4.1912795e-17
