       3000.0000   3.4493107e-25       0.0000000
       3010.0000   3.8008391e-25       0.0000000
       3020.0000   4.1852716e-25       0.0000000
       3030.0000   4.6054056e-25       0.0000000
       3040.0000   5.0642510e-25       0.0000000
       3050.0000   5.5650449e-25       0.0000000
       3060.0000   6.1112659e-25       0.0000000
       3070.0000   6.7066505e-25       0.0000000
       3080.0000   7.3552092e-25       0.0000000
       3090.0000   8.0612445e-25       0.0000000
       3100.0000   8.8293690e-25       0.0000000
       3110.0000   9.6645251e-25       0.0000000
       3120.0000   1.0572006e-24       0.0000000
       3130.0000   1.1557475e-24       0.0000000
       3140.0000   1.2626992e-24       0.0000000
       3150.0000   1.3787035e-24       0.0000000
       3160.0000   1.5044523e-24       0.0000000
       3170.0000   1.6406847e-24       0.0000000
       3180.0000   1.7881894e-24       0.0000000
       3190.0000   1.9478078e-24       0.0000000
       3200.0000   2.1204367e-24       0.0000000
       3210.0000   2.3070321e-24       0.0000000
       3220.0000   2.5086116e-24       0.0000000
       3230.0000   2.7262588e-24       0.0000000
       3240.0000   2.9611264e-24       0.0000000
       3250.0000   3.2144400e-24       0.0000000
       3260.0000   3.4875023e-24       0.0000000
       3270.0000   3.7816971e-24       0.0000000
       3280.0000   4.0984937e-24       0.0000000
       3290.0000   4.4394513e-24       0.0000000
       3300.0000   4.8062237e-24       0.0000000
       3310.0000   5.2005644e-24       0.0000000
       3320.0000   5.6243316e-24       0.0000000
       3330.0000   6.0794933e-24       0.0000000
       3340.0000   6.5681332e-24       0.0000000
       3350.0000   7.0924564e-24       0.0000000
       3360.0000   7.6547949e-24       0.0000000
       3370.0000   8.2576146e-24       0.0000000
       3380.0000   8.9035212e-24       0.0000000
       3390.0000   9.5952671e-24       0.0000000
       3400.0000   1.0335759e-23       0.0000000
       3410.0000   1.1128062e-23       0.0000000
       3420.0000   1.1975414e-23       0.0000000
       3430.0000   1.2881226e-23       0.0000000
       3440.0000   1.3849093e-23       0.0000000
       3450.0000   1.4882804e-23       0.0000000
       3460.0000   1.5986349e-23       0.0000000
       3470.0000   1.7163928e-23       0.0000000
       3480.0000   1.8419961e-23       0.0000000
       3490.0000   1.9759096e-23       0.0000000
       3500.0000   2.1186221e-23       0.0000000
       3510.0000   2.2706473e-23       0.0000000
       3520.0000   2.4325249e-23       0.0000000
       3530.0000   2.6048215e-23       0.0000000
       3540.0000   2.7881322e-23       0.0000000
       3550.0000   2.9830812e-23       0.0000000
       3560.0000   3.1903234e-23       0.0000000
       3570.0000   3.4105455e-23       0.0000000
       3580.0000   3.6444671e-23       0.0000000
       3590.0000   3.8928425e-23       0.0000000
       3600.0000   4.1564614e-23       0.0000000
       3610.0000   4.4361509e-23       0.0000000
       3620.0000   4.7327764e-23       0.0000000
       3630.0000   5.0472437e-23       0.0000000
       3640.0000   5.3804997e-23       0.0000000
       3650.0000   5.7335349e-23       0.0000000
       3660.0000   6.1073840e-23       0.0000000
       3670.0000   6.5031284e-23       0.0000000
       3680.0000   6.9218976e-23       0.0000000
       3690.0000   7.3648705e-23       0.0000000
       3700.0000   7.8332779e-23       0.0000000
       3710.0000   8.3284039e-23       0.0000000
       3720.0000   8.8515877e-23       0.0000000
       3730.0000   9.4042260e-23       0.0000000
       3740.0000   9.9877742e-23       0.0000000
       3750.0000   1.0603749e-22       0.0000000
       3760.0000   1.1253731e-22       0.0000000
       3770.0000   1.1939365e-22       0.0000000
       3780.0000   1.2662364e-22       0.0000000
       3790.0000   1.3424510e-22       0.0000000
       3800.0000   1.4227659e-22       0.0000000
       3810.0000   1.5073738e-22       0.0000000
       3820.0000   1.5964754e-22       0.0000000
       3830.0000   1.6902790e-22       0.0000000
       3840.0000   1.7890013e-22       0.0000000
       3850.0000   1.8928673e-22       0.0000000
       3860.0000   2.0021106e-22       0.0000000
       3870.0000   2.1169739e-22       0.0000000
       3880.0000   2.2377089e-22       0.0000000
       3890.0000   2.3645769e-22       0.0000000
       3900.0000   2.4978489e-22       0.0000000
       3910.0000   2.6378060e-22       0.0000000
       3920.0000   2.7847394e-22       0.0000000
       3930.0000   2.9389512e-22       0.0000000
       3940.0000   3.1007542e-22       0.0000000
       3950.0000   3.2704725e-22       0.0000000
       3960.0000   3.4484418e-22       0.0000000
       3970.0000   3.6350095e-22       0.0000000
       3980.0000   3.8305354e-22       0.0000000
       3990.0000   4.0353915e-22       0.0000000
       4000.0000   4.2499628e-22       0.0000000
       4010.0000   4.4746476e-22       0.0000000
       4020.0000   4.7098574e-22       0.0000000
       4030.0000   4.9560178e-22       0.0000000
       4040.0000   5.2135686e-22       0.0000000
       4050.0000   5.4829640e-22       0.0000000
       4060.0000   5.7646735e-22       0.0000000
       4070.0000   6.0591816e-22       0.0000000
       4080.0000   6.3669885e-22       0.0000000
       4090.0000   6.6886107e-22       0.0000000
       4100.0000   7.0245810e-22       0.0000000
       4110.0000   7.3754491e-22       0.0000000
       4120.0000   7.7417819e-22       0.0000000
       4130.0000   8.1241641e-22       0.0000000
       4140.0000   8.5231983e-22       0.0000000
       4150.0000   8.9395056e-22       0.0000000
       4160.0000   9.3737261e-22       0.0000000
       4170.0000   9.8265192e-22       0.0000000
       4180.0000   1.0298564e-21       0.0000000
       4190.0000   1.0790560e-21       0.0000000
       4200.0000   1.1303226e-21       0.0000000
       4210.0000   1.1837305e-21       0.0000000
       4220.0000   1.2393557e-21       0.0000000
       4230.0000   1.2972769e-21       0.0000000
       4240.0000   1.3575746e-21       0.0000000
       4250.0000   1.4203318e-21       0.0000000
       4260.0000   1.4856339e-21       0.0000000
       4270.0000   1.5535685e-21       0.0000000
       4280.0000   1.6242258e-21       0.0000000
       4290.0000   1.6976983e-21       0.0000000
       4300.0000   1.7740811e-21       0.0000000
       4310.0000   1.8534720e-21       0.0000000
       4320.0000   1.9359713e-21       0.0000000
       4330.0000   2.0216819e-21       0.0000000
       4340.0000   2.1107095e-21       0.0000000
       4350.0000   2.2031627e-21       0.0000000
       4360.0000   2.2991528e-21       0.0000000
       4370.0000   2.3987938e-21       0.0000000
       4380.0000   2.5022029e-21       0.0000000
       4390.0000   2.6095002e-21       0.0000000
       4400.0000   2.7208088e-21       0.0000000
       4410.0000   2.8362548e-21       0.0000000
       4420.0000   2.9559676e-21       0.0000000
       4430.0000   3.0800796e-21       0.0000000
       4440.0000   3.2087266e-21       0.0000000
       4450.0000   3.3420475e-21       0.0000000
       4460.0000   3.4801848e-21       0.0000000
       4470.0000   3.6232843e-21       0.0000000
       4480.0000   3.7714950e-21       0.0000000
       4490.0000   3.9249697e-21       0.0000000
       4500.0000   4.0838648e-21       0.0000000
       4510.0000   4.2483399e-21       0.0000000
       4520.0000   4.4185588e-21       0.0000000
       4530.0000   4.5946887e-21       0.0000000
       4540.0000   4.7769006e-21       0.0000000
       4550.0000   4.9653694e-21       0.0000000
       4560.0000   5.1602738e-21       0.0000000
       4570.0000   5.3617965e-21       0.0000000
       4580.0000   5.5701242e-21       0.0000000
       4590.0000   5.7854478e-21       0.0000000
       4600.0000   6.0079619e-21       0.0000000
       4610.0000   6.2378656e-21       0.0000000
       4620.0000   6.4753621e-21       0.0000000
       4630.0000   6.7206589e-21       0.0000000
       4640.0000   6.9739679e-21       0.0000000
       4650.0000   7.2355051e-21       0.0000000
       4660.0000   7.5054913e-21       0.0000000
       4670.0000   7.7841514e-21       0.0000000
       4680.0000   8.0717153e-21       0.0000000
       4690.0000   8.3684171e-21       0.0000000
       4700.0000   8.6744956e-21       0.0000000
       4710.0000   8.9901947e-21       0.0000000
       4720.0000   9.3157625e-21       0.0000000
       4730.0000   9.6514523e-21       0.0000000
       4740.0000   9.9975221e-21       0.0000000
       4750.0000   1.0354235e-20       0.0000000
       4760.0000   1.0721859e-20       0.0000000
       4770.0000   1.1100666e-20       0.0000000
       4780.0000   1.1490936e-20       0.0000000
       4790.0000   1.1892950e-20       0.0000000
       4800.0000   1.2306999e-20       0.0000000
       4810.0000   1.2733374e-20       0.0000000
       4820.0000   1.3172375e-20       0.0000000
       4830.0000   1.3624306e-20       0.0000000
       4840.0000   1.4089477e-20       0.0000000
       4850.0000   1.4568203e-20       0.0000000
       4860.0000   1.5060805e-20       0.0000000
       4870.0000   1.5567608e-20       0.0000000
       4880.0000   1.6088943e-20       0.0000000
       4890.0000   1.6625150e-20       0.0000000
       4900.0000   1.7176570e-20       0.0000000
       4910.0000   1.7743551e-20       0.0000000
       4920.0000   1.8326450e-20       0.0000000
       4930.0000   1.8925625e-20       0.0000000
       4940.0000   1.9541444e-20       0.0000000
       4950.0000   2.0174277e-20       0.0000000
       4960.0000   2.0824504e-20       0.0000000
       4970.0000   2.1492509e-20       0.0000000
       4980.0000   2.2178681e-20       0.0000000
       4990.0000   2.2883416e-20       0.0000000
       5000.0000   2.3607118e-20       0.0000000
       5010.0000   2.4350194e-20       0.0000000
       5020.0000   2.5113060e-20       0.0000000
       5030.0000   2.5896136e-20       0.0000000
       5040.0000   2.6699849e-20       0.0000000
       5050.0000   2.7524634e-20       0.0000000
       5060.0000   2.8370931e-20       0.0000000
       5070.0000   2.9239185e-20       0.0000000
       5080.0000   3.0129850e-20       0.0000000
       5090.0000   3.1043385e-20       0.0000000
       5100.0000   3.1980256e-20       0.0000000
       5110.0000   3.2940936e-20       0.0000000
       5120.0000   3.3925904e-20       0.0000000
       5130.0000   3.4935644e-20       0.0000000
       5140.0000   3.5970651e-20       0.0000000
       5150.0000   3.7031422e-20       0.0000000
       5160.0000   3.8118463e-20       0.0000000
       5170.0000   3.9232288e-20       0.0000000
       5180.0000   4.0373414e-20       0.0000000
       5190.0000   4.1542370e-20       0.0000000
       5200.0000   4.2739686e-20       0.0000000
       5210.0000   4.3965904e-20       0.0000000
       5220.0000   4.5221570e-20       0.0000000
       5230.0000   4.6507237e-20       0.0000000
       5240.0000   4.7823467e-20       0.0000000
       5250.0000   4.9170826e-20       0.0000000
       5260.0000   5.0549888e-20       0.0000000
       5270.0000   5.1961237e-20       0.0000000
       5280.0000   5.3405460e-20       0.0000000
       5290.0000   5.4883152e-20       0.0000000
       5300.0000   5.6394916e-20       0.0000000
       5310.0000   5.7941363e-20       0.0000000
       5320.0000   5.9523108e-20       0.0000000
       5330.0000   6.1140776e-20       0.0000000
       5340.0000   6.2794997e-20       0.0000000
       5350.0000   1.6807540e-18   1.3675766e-17
       5360.0000   5.1682924e-18   1.3400881e-17
       5370.0000   1.0256428e-17   1.3289022e-17
       5380.0000  -3.1200295e-18   1.3408958e-17
       5390.0000   2.5688358e-19   1.3313033e-17
       5400.0000  -1.1223836e-18   1.2989784e-17
       5410.0000  -1.6695273e-17   1.3143647e-17
       5420.0000   2.5519209e-17   1.3394012e-17
       5430.0000  -1.3681386e-17   1.3476963e-17
       5440.0000   2.4047660e-17   1.3493360e-17
       5450.0000  -1.7578748e-17   1.3762421e-17
       5460.0000   1.9330266e-17   1.8477845e-17
       5470.0000  -1.6001427e-17   1.3419697e-17
       5480.0000  -1.1097257e-17   1.2967659e-17
       5490.0000  -2.7126787e-18   1.2663670e-17
       5500.0000   3.1988176e-18   1.2378405e-17
       5510.0000  -9.8647708e-18   1.2284778e-17
       5520.0000  -2.3240407e-18   1.2290290e-17
       5530.0000  -9.8316569e-18   1.2094173e-17
       5540.0000  -1.1077561e-17   1.2036557e-17
       5550.0000   5.3197794e-18   1.2145396e-17
       5560.0000   1.4073180e-17   1.2376371e-17
       5570.0000  -2.4019458e-17   1.6384854e-17
       5580.0000   3.0442192e-17   3.7649711e-17
       5590.0000  -9.3631253e-18   1.2273664e-17
       5600.0000   3.3052014e-18   1.2030608e-17
       5610.0000   1.6133382e-17   1.1873935e-17
       5620.0000  -8.5199099e-19   1.1957635e-17
       5630.0000  -6.6069480e-18   1.1651387e-17
       5640.0000  -8.7120296e-18   1.1758853e-17
       5650.0000   1.2337289e-18   1.1743459e-17
       5660.0000  -5.8341912e-18   1.1601181e-17
       5670.0000   1.1574171e-19   1.2573438e-17
       5680.0000   1.4213951e-18   1.3258299e-17
       5690.0000  -7.6139477e-18   1.5077142e-17
       5700.0000   1.1769254e-17   1.2255237e-17
       5710.0000   6.5415229e-19   1.1538343e-17
       5720.0000  -1.1605544e-17   1.1261168e-17
       5730.0000   5.7525451e-19   1.0705505e-17
       5740.0000  -1.4409020e-17   1.0627401e-17
       5750.0000  -1.4304585e-17   1.0638855e-17
       5760.0000   4.5134329e-18   1.0693823e-17
       5770.0000  -2.0663503e-19   1.2098598e-17
       5780.0000   1.4429422e-17   1.0559425e-17
       5790.0000  -3.5252974e-18   1.2007365e-17
       5800.0000  -1.2868565e-17   1.0645163e-17
       5810.0000  -1.3851910e-17   1.0500168e-17
       5820.0000  -9.6823875e-19   1.0541395e-17
       5830.0000   5.1440677e-18   1.0501432e-17
       5840.0000   3.3882553e-18   1.0676467e-17
       5850.0000  -3.8844413e-18   1.0652475e-17
       5860.0000  -8.8647356e-18   1.0806378e-17
       5870.0000  -9.5233410e-19   1.1592614e-17
       5880.0000  -9.4396639e-18   1.0225021e-17
       5890.0000   1.8751384e-17   1.9106254e-17
       5900.0000  -7.7498246e-18   1.2796053e-17
       5910.0000  -1.1713125e-17   1.0373094e-17
       5920.0000  -1.3827864e-17   1.0533357e-17
       5930.0000  -2.0030329e-18   1.0810247e-17
       5940.0000  -2.5035963e-18   1.0094883e-17
       5950.0000  -6.5498534e-18   1.0347206e-17
       5960.0000   3.2412558e-18   9.6761714e-18
       5970.0000   4.0877160e-18   9.7316567e-18
       5980.0000   4.9628938e-18   9.8813390e-18
       5990.0000   1.0857562e-18   9.3865768e-18
       6000.0000  -1.1678773e-17   9.5191934e-18
       6010.0000   2.4740822e-19   8.9699686e-18
       6020.0000   1.9617312e-18   8.8216446e-18
       6030.0000  -3.0743927e-18   8.8361119e-18
       6040.0000  -1.2504261e-17   8.5573729e-18
       6050.0000   1.5632626e-18   8.4274558e-18
       6060.0000  -6.3168722e-18   8.3133729e-18
       6070.0000  -1.7799126e-18   8.0302131e-18
       6080.0000  -1.1736476e-17   7.9664425e-18
       6090.0000  -9.8889990e-18   7.8789453e-18
       6100.0000  -8.3891583e-18   8.0510165e-18
       6110.0000   8.5577132e-18   8.1755257e-18
       6120.0000  -8.6268982e-18   7.7510836e-18
       6130.0000  -8.9790056e-18   7.5706319e-18
       6140.0000   4.7294499e-18   7.9449725e-18
       6150.0000   8.9262727e-18   7.7177771e-18
       6160.0000   1.2243665e-18   7.8993190e-18
       6170.0000  -5.9718710e-18   7.5848421e-18
       6180.0000   5.6521155e-18   7.1824538e-18
       6190.0000   4.6108375e-18   7.0466020e-18
       6200.0000  -4.8018826e-18   7.2076746e-18
       6210.0000  -5.7393114e-18   6.9559162e-18
       6220.0000  -1.3098347e-17   7.0602436e-18
       6230.0000  -3.6082960e-18   7.1210252e-18
       6240.0000   9.5945866e-18   8.2529286e-18
       6250.0000   2.7897737e-20   6.6144720e-18
       6260.0000   4.6557666e-18   7.8674096e-18
       6270.0000  -1.7066385e-18   6.7035042e-18
       6280.0000   1.4263230e-18   6.5257462e-18
       6290.0000  -1.5703454e-18   7.1605933e-18
       6300.0000   2.7768911e-17   1.3842196e-17
       6310.0000  -3.2474992e-18   7.0787283e-18
       6320.0000   6.5982562e-18   6.3953033e-18
       6330.0000   2.1424701e-18   7.0692931e-18
       6340.0000   4.2329793e-18   5.8158257e-18
       6350.0000   7.3425276e-18   6.3107155e-18
       6360.0000   1.6786128e-17   7.9048627e-18
       6370.0000   8.6124865e-18   6.0780807e-18
       6380.0000  -1.0938923e-18   5.9002572e-18
       6390.0000   9.0912474e-18   5.7226810e-18
       6400.0000   6.5387480e-18   5.4439302e-18
       6410.0000   1.2500450e-17   5.4637413e-18
       6420.0000   6.2820845e-18   5.4840839e-18
       6430.0000  -4.1270016e-18   5.1297860e-18
       6440.0000   5.4344949e-18   5.1190230e-18
       6450.0000   8.1142662e-18   5.2966038e-18
       6460.0000   9.4010363e-18   5.6521302e-18
       6470.0000   1.5307213e-17   6.2347623e-18
       6480.0000   1.7973294e-17   5.3540773e-18
       6490.0000   4.4423023e-18   5.0583224e-18
       6500.0000   1.0918568e-17   6.6515655e-18
       6510.0000   1.2558255e-17   5.2139958e-18
       6520.0000   1.7001501e-17   5.3337314e-18
       6530.0000   4.6890690e-18   5.8592653e-18
       6540.0000   1.3760813e-17   5.4558689e-18
       6550.0000   1.7938290e-17   6.0619194e-18
       6560.0000   1.7644707e-17   5.5871908e-18
       6570.0000   1.5957199e-17   5.4952836e-18
       6580.0000   1.8627680e-17   5.8762361e-18
       6590.0000   2.0465482e-17   5.1495349e-18
       6600.0000   2.1335090e-17   5.4854630e-18
       6610.0000   1.8158306e-17   4.8854123e-18
       6620.0000   2.0874315e-17   4.9174479e-18
       6630.0000   2.7295241e-17   5.1418441e-18
       6640.0000   1.9520973e-17   4.8462998e-18
       6650.0000   2.3078799e-17   4.7768187e-18
       6660.0000   2.0650240e-17   4.8321447e-18
       6670.0000   2.1782139e-17   4.8741247e-18
       6680.0000   2.4284032e-17   4.8156699e-18
       6690.0000   2.5942751e-17   4.7727288e-18
       6700.0000   2.8943786e-17   4.8600103e-18
       6710.0000   2.4066008e-17   4.8544546e-18
       6720.0000   3.2525082e-17   4.8599400e-18
       6730.0000   3.2578307e-17   4.8400583e-18
       6740.0000   2.9899813e-17   4.7660819e-18
       6750.0000   3.8860524e-17   4.7211178e-18
       6760.0000   2.6720568e-17   4.5332798e-18
       6770.0000   2.6471164e-17   4.5000583e-18
       6780.0000   2.4849831e-17   4.4490794e-18
       6790.0000   3.0096947e-17   4.5015465e-18
       6800.0000   2.6929020e-17   4.4034760e-18
       6810.0000   2.7303078e-17   4.3795514e-18
       6820.0000   2.5729883e-17   4.3844981e-18
       6830.0000   3.8626139e-17   7.0146266e-18
       6840.0000   3.1707796e-17   5.0931726e-18
       6850.0000   2.9638626e-17   4.3737224e-18
       6860.0000   3.5344910e-17   5.8755729e-18
       6870.0000   2.0385603e-17   4.6292890e-18
       6880.0000   2.7826762e-17   4.4961890e-18
       6890.0000   2.4168409e-17   4.7364154e-18
       6900.0000   2.4879639e-17   4.6061502e-18
       6910.0000   2.4913327e-17   4.7857053e-18
       6920.0000   2.3638164e-17   5.2231640e-18
       6930.0000   2.5382018e-17   1.8807992e-17
       6940.0000   2.3706929e-17   4.8666549e-18
       6950.0000   2.5034726e-17   5.8659288e-18
       6960.0000   2.5728759e-17   4.1561138e-18
       6970.0000   1.9921846e-17   4.7204708e-18
       6980.0000   3.2198266e-17   5.6871394e-18
       6990.0000   2.9860634e-17   4.1571207e-18
       7000.0000   2.6220534e-17   4.3218173e-18
       7010.0000   3.1818065e-17   4.7322997e-18
       7020.0000   2.7320402e-17   4.0301407e-18
       7030.0000   2.6309636e-17   4.0625200e-18
       7040.0000   3.0078639e-17   4.2420320e-18
       7050.0000   2.7422965e-17   4.6476051e-18
       7060.0000   3.0579954e-17   4.2255297e-18
       7070.0000   3.1310051e-17   4.3422090e-18
       7080.0000   3.7230533e-17   4.3990511e-18
       7090.0000   3.9291350e-17   4.4793619e-18
       7100.0000   3.9040657e-17   4.2003453e-18
       7110.0000   3.6697760e-17   4.1377317e-18
       7120.0000   4.1026246e-17   4.2377586e-18
       7130.0000   4.0349950e-17   4.3624423e-18
       7140.0000   3.8423877e-17   4.3345146e-18
       7150.0000   3.6014577e-17   4.2507401e-18
       7160.0000   3.7239326e-17   4.2545622e-18
       7170.0000   3.1168092e-17   4.1671259e-18
       7180.0000   3.7634827e-17   4.2683649e-18
       7190.0000   3.8788239e-17   4.0416933e-18
       7200.0000   3.1918514e-17   3.9377646e-18
       7210.0000   4.6680356e-17   4.1515505e-18
       7220.0000   3.9083119e-17   4.2122256e-18
       7230.0000   3.3677449e-17   4.2147830e-18
       7240.0000   3.9522543e-17   8.3882170e-18
       7250.0000   3.4189680e-17   5.7855566e-18
       7260.0000   3.9874487e-17   4.3434933e-18
       7270.0000   4.2191576e-17   5.2483139e-18
       7280.0000   3.8717871e-17   7.1270518e-18
       7290.0000   2.8209940e-17   4.5983633e-18
       7300.0000   3.1908587e-17   4.9864313e-18
       7310.0000   3.8888474e-17   5.0603258e-18
       7320.0000   3.7236829e-17   5.6952826e-18
       7330.0000   3.4072754e-17   5.6574914e-18
       7340.0000   3.6173523e-17   7.7549405e-18
       7350.0000   2.5216207e-17   4.1482553e-18
       7360.0000   3.1005529e-17   5.4557824e-18
       7370.0000   2.7027063e-17   7.1154515e-18
       7380.0000   3.3090541e-17   3.9949064e-18
       7390.0000   3.1360047e-17   5.0507693e-18
       7400.0000   2.7997469e-17   6.0524811e-18
       7410.0000   2.4153115e-17   3.9244714e-18
       7420.0000   3.1134634e-17   3.9471342e-18
       7430.0000   2.9020977e-17   4.5855277e-18
       7440.0000   3.3449725e-17   5.1198560e-18
       7450.0000   1.9923649e-17   3.7273729e-18
       7460.0000   2.1358527e-17   4.1143330e-18
       7470.0000   2.0623103e-17   5.1052475e-18
       7480.0000   2.0427267e-17   5.4070649e-18
       7490.0000   2.2912908e-17   4.1410315e-18
       7500.0000   1.7108723e-17   3.7207168e-18
       7510.0000   1.5438139e-17   3.5947133e-18
       7520.0000   1.5726194e-17   5.5784244e-18
       7530.0000   1.5225201e-17   5.0225848e-18
       7540.0000   1.2951787e-17   3.9403574e-18
       7550.0000   1.3309642e-17   3.7456139e-18
       7560.0000   1.2103001e-17   4.1706667e-18
       7570.0000   9.8579289e-18   5.6520119e-18
       7580.0000   6.8958492e-18   3.7909156e-18
       7590.0000   6.7770662e-18   3.9742794e-18
       7600.0000   4.1256390e-18   3.7993484e-18
       7610.0000   1.6904719e-18   2.8399776e-18
       7620.0000  -3.8229083e-18   4.0362383e-18
       7630.0000   4.3388344e-18   4.0243036e-18
       7640.0000  -3.7294934e-19   3.1737537e-18
       7650.0000   3.9854564e-18   3.5872238e-18
       7660.0000   6.2516855e-18   4.2150094e-18
       7670.0000  -1.3656986e-18   3.4272487e-18
       7680.0000  -3.0130710e-18   3.5969597e-18
       7690.0000  -2.8175978e-18   4.1296183e-18
       7700.0000  -3.7288935e-18   4.3398333e-18
       7710.0000   5.3913656e-18   7.4897279e-18
       7720.0000  -1.9581491e-18   7.4217157e-18
       7730.0000   3.3392946e-18   4.5514793e-18
       7740.0000   4.0150701e-18   4.1171578e-18
       7750.0000   1.8017521e-17   9.4178027e-18
       7760.0000   1.2855293e-17   6.2425740e-18
       7770.0000   8.4864276e-18   4.5729325e-18
       7780.0000   1.9763020e-17   5.7275059e-18
       7790.0000   1.7070285e-17   6.6778943e-18
       7800.0000   3.2478304e-18   4.6176908e-18
       7810.0000   1.8882792e-17   6.0950913e-18
       7820.0000   1.0542173e-17   8.9724215e-18
       7830.0000   2.0163414e-17   4.4939672e-18
       7840.0000   3.1314715e-17   6.3447483e-18
       7850.0000   3.1789682e-17   8.6611674e-18
       7860.0000   3.1312937e-17   7.7473584e-18
       7870.0000   5.0893434e-17   7.8092662e-18
       7880.0000   4.4655181e-17   7.0655465e-18
       7890.0000   3.8424986e-17   7.8396941e-18
       7900.0000   4.4492061e-17   4.7810461e-18
       7910.0000   5.0508454e-17   8.8135610e-18
       7920.0000   5.1749438e-17   1.0835872e-17
       7930.0000   4.5970510e-17   7.0922912e-18
       7940.0000   4.6239836e-17   4.8718992e-18
       7950.0000   2.8665340e-17   6.2645436e-18
       7960.0000   6.0150949e-17   6.9584762e-18
       7970.0000   5.1639662e-17   6.5281161e-18
       7980.0000   6.3980262e-17   7.6345746e-18
       7990.0000   7.3757467e-17   8.6307057e-18
       8000.0000   6.8677909e-17   5.9643709e-18
       8010.0000   6.5087754e-17   6.1505438e-18
       8020.0000   7.0321899e-17   6.7968556e-18
       8030.0000   7.4932356e-17   7.3827259e-18
       8040.0000   8.0007091e-17   5.2569085e-18
       8050.0000   8.6971584e-17   6.4892697e-18
       8060.0000   8.5644230e-17   7.3421254e-18
       8070.0000   9.1856042e-17   5.5234998e-18
       8080.0000   8.6051987e-17   5.6021804e-18
       8090.0000   8.5729379e-17   5.8977587e-18
       8100.0000   9.7226131e-17   6.5974972e-18
       8110.0000   1.0289611e-16   5.8199764e-18
       8120.0000   1.0574759e-16   5.7013540e-18
       8130.0000   1.0666830e-16   5.8590808e-18
       8140.0000   1.1161567e-16   6.3362512e-18
       8150.0000   1.1969191e-16   6.2732250e-18
       8160.0000   1.1360776e-16   5.9317183e-18
       8170.0000   1.1748711e-16   6.0606573e-18
       8180.0000   1.0568259e-16   6.4581267e-18
       8190.0000   1.1383932e-16   6.9661135e-18
       8200.0000   1.1125664e-16   6.6915281e-18
       8210.0000   1.3702853e-16   6.6382925e-18
       8220.0000   1.3983777e-16   6.5556803e-18
       8230.0000   1.3717571e-16   6.3002098e-18
       8240.0000   1.4423302e-16   6.6646800e-18
       8250.0000   1.5601144e-16   6.8543315e-18
       8260.0000   1.5617297e-16   6.7475431e-18
       8270.0000   1.4915248e-16   6.8072722e-18
       8280.0000   1.6042629e-16   1.1162906e-17
       8290.0000   1.6493620e-16   1.1339254e-17
       8300.0000   1.6723542e-16   1.1795153e-17
       8310.0000   1.6906837e-16   9.0483790e-18
       8320.0000   1.7150321e-16   7.3762548e-18
       8330.0000   1.8485694e-16   7.3272333e-18
       8340.0000   1.7730157e-16   1.2545564e-17
       8350.0000   1.8275342e-16   1.3097895e-17
       8360.0000   1.8943917e-16   8.9530516e-18
       8370.0000   1.8825611e-16   8.1053656e-18
       8380.0000   2.0391305e-16   1.0467057e-17
       8390.0000   1.9759714e-16   8.2521403e-18
       8400.0000   2.1411348e-16   1.4784732e-17
       8410.0000   2.1003506e-16   9.4761083e-18
       8420.0000   2.2670299e-16   9.6694826e-18
       8430.0000   2.2482076e-16   1.6355230e-17
       8440.0000   2.2257396e-16   8.4056054e-18
       8450.0000   2.1983855e-16   1.1130856e-17
       8460.0000   2.3063423e-16   1.1012740e-17
       8470.0000   2.1613182e-16   1.1011526e-17
       8480.0000   2.2301720e-16   8.4284716e-18
       8490.0000   2.2868842e-16   1.0037906e-17
       8500.0000   2.4188931e-16   1.1132947e-17
       8510.0000   2.3802744e-16   1.0063138e-17
       8520.0000   1.2567878e-16   7.2125557e-18
       8530.0000   2.3829586e-16   8.7479182e-18
       8540.0000   2.5279765e-16   1.0078005e-17
       8550.0000   2.7456035e-16   1.1408569e-17
       8560.0000   2.6140687e-16   9.0824732e-18
       8570.0000   2.7771304e-16   9.4618012e-18
       8580.0000   2.8401419e-16   9.5667625e-18
       8590.0000   2.6773015e-16   1.0192094e-17
       8600.0000   2.9045873e-16   1.0315356e-17
       8610.0000   2.2473725e-16   9.9785811e-18
       8620.0000   1.7746076e-16   1.2657170e-17
       8630.0000   1.3840836e-16   1.4132408e-17
       8640.0000   1.6025791e-16   1.1334713e-17
       8650.0000   2.1176238e-16   1.3406704e-17
       8660.0000   2.1381792e-16   1.4648504e-17
       8670.0000   2.1718857e-16   1.3607728e-17
       8680.0000   2.4268752e-16   1.2031671e-17
       8690.0000   2.1734715e-16   1.0452868e-17
       8700.0000   1.8439617e-16   9.7734132e-18
       8710.0000   1.7290565e-16   9.2902071e-18
       8720.0000   1.8298732e-16   9.0903870e-18
       8730.0000   2.0068406e-16   9.3628891e-18
       8740.0000   2.1207655e-16   9.7893995e-18
       8750.0000   2.1940130e-16   9.8520399e-18
       8760.0000   2.1897535e-16   1.8906920e-17
       8770.0000   2.6922010e-16   1.8337678e-17
       8780.0000   2.3701661e-16   1.8055346e-17
       8790.0000   2.1454095e-16   1.4086524e-17
       8800.0000   2.4054309e-16   1.0600442e-17
       8810.0000   2.5105185e-16   1.1189501e-17
       8820.0000   2.6175779e-16   1.4168887e-17
       8830.0000   2.9750826e-16   2.4370429e-17
       8840.0000   2.9137127e-16   1.5765159e-17
       8850.0000   2.7207652e-16   1.4253293e-17
       8860.0000   2.9162231e-16   1.2633403e-17
       8870.0000   2.5487815e-16   1.5642978e-17
       8880.0000   3.2778408e-16   1.5764861e-17
       8890.0000   3.0337337e-16   1.8390929e-17
       8900.0000   3.2135160e-16   1.8329281e-17
       8910.0000   2.5973648e-16   3.1332720e-17
       8920.0000   2.5691757e-16   2.4890432e-17
       8930.0000   2.5409867e-16   1.8448143e-17
       8940.0000   2.5175104e-16   1.2447961e-17
       8950.0000   2.5800344e-16   1.4515385e-17
       8960.0000   2.6425584e-16   1.6582809e-17
       8970.0000   2.7050824e-16   1.8650233e-17
       8980.0000   2.7389102e-16   2.1527316e-17
       8990.0000   2.7587297e-16   2.4799638e-17
       9000.0000   2.7785493e-16   2.8071960e-17
       9010.0000   2.7921540e-16   2.8906003e-17
       9020.0000   2.7892937e-16   2.3280255e-17
       9030.0000   2.7864333e-16   1.7654508e-17
       9040.0000   2.7835730e-16   1.2028761e-17
       9050.0000   2.9251628e-16   1.2120048e-17
       9060.0000   3.0906578e-16   1.3157450e-17
       9070.0000   3.2561528e-16   1.4194851e-17
       9080.0000   3.3537374e-16   1.6307321e-17
       9090.0000   3.3587056e-16   1.9885971e-17
       9100.0000   3.3636738e-16   2.3464621e-17
       9110.0000   3.3686420e-16   2.7043271e-17
       9120.0000   3.4346125e-16   2.5592951e-17
       9130.0000   3.5024683e-16   2.3987201e-17
       9140.0000   3.5703241e-16   2.2381450e-17
       9150.0000   3.6155766e-16   2.0090874e-17
       9160.0000   3.6382258e-16   1.7115471e-17
       9170.0000   3.6608749e-16   1.4140068e-17
       9180.0000   3.6839176e-16   1.1184330e-17
       9190.0000   3.7425454e-16   1.0006840e-17
       9200.0000   3.8011732e-16   8.8293491e-18
       9210.0000   3.8598010e-16   7.6518587e-18
       9220.0000   3.8905875e-16   8.7854145e-18
       9230.0000   3.8940820e-16   1.2184430e-17
       9240.0000   3.8975764e-16   1.5583446e-17
       9250.0000   3.9010709e-16   1.8982462e-17
       9260.0000   3.9185209e-16   1.7494043e-17
       9270.0000   3.9362264e-16   1.5916195e-17
       9280.0000   3.9539318e-16   1.4338348e-17
       9290.0000   3.9546026e-16   1.3754784e-17
       9300.0000   3.9336824e-16   1.4431469e-17
       9310.0000   3.9127621e-16   1.5108153e-17
       9320.0000   3.8918418e-16   1.5784838e-17
       9330.0000   4.0504908e-16   2.3218348e-17
       9340.0000   4.2329314e-16   3.1547090e-17
       9350.0000   4.4153720e-16   3.9875832e-17
       9360.0000   4.5383425e-16   4.3417809e-17
       9370.0000   4.5277030e-16   3.6205501e-17
       9380.0000   4.5170636e-16   2.8993194e-17
       9390.0000   4.5064242e-16   2.1780887e-17
       9400.0000   4.5477815e-16   2.0539259e-17
       9410.0000   4.6097616e-16   2.1665708e-17
       9420.0000   4.6717417e-16   2.2792156e-17
       9430.0000   4.7298426e-16   2.3381691e-17
       9440.0000   4.7555455e-16   1.9487138e-17
       9450.0000   4.7812484e-16   1.5592585e-17
       9460.0000   4.8069513e-16   1.1698033e-17
       9470.0000   4.8543990e-16   9.2554381e-18
       9480.0000   4.9252127e-16   8.3730516e-18
       9490.0000   4.9960264e-16   7.4906651e-18
       9500.0000   5.0668402e-16   6.6082786e-18
       9510.0000   5.0603220e-16   7.7662881e-18
       9520.0000   5.0390674e-16   9.3131139e-18
       9530.0000   5.0178129e-16   1.0859940e-17
       9540.0000   4.9976161e-16   1.2539167e-17
       9550.0000   4.9821752e-16   1.4813736e-17
       9560.0000   4.9667343e-16   1.7088306e-17
       9570.0000   4.9512935e-16   1.9362876e-17
       9580.0000   4.9050169e-16   1.9175971e-17
       9590.0000   4.8288766e-16   1.6605191e-17
       9600.0000   4.7527364e-16   1.4034412e-17
       9610.0000   4.6765962e-16   1.1463633e-17
       9620.0000   4.6749431e-16   1.0579492e-17
       9630.0000   4.6898664e-16   1.0070697e-17
       9640.0000   4.7047897e-16   9.5619010e-18
       9650.0000   4.7318793e-16   9.1505154e-18
       9660.0000   4.8544794e-16   9.5038432e-18
       9670.0000   4.9770795e-16   9.8571711e-18
       9680.0000   5.0996796e-16   1.0210499e-17
       9690.0000   5.2098111e-16   1.1045508e-17
       9700.0000   5.3006029e-16   1.2627638e-17
       9710.0000   5.3913948e-16   1.4209768e-17
       9720.0000   5.4821867e-16   1.5791897e-17
       9730.0000   5.5056078e-16   1.7666183e-17
       9740.0000   5.4935404e-16   1.9694365e-17
       9750.0000   5.4814731e-16   2.1722548e-17
       9760.0000   5.4694057e-16   2.3750730e-17
       9770.0000   5.4955653e-16   1.8851455e-17
       9780.0000   5.5257841e-16   1.3216554e-17
       9790.0000   5.5560030e-16   7.5816526e-18
       9800.0000   5.5869024e-16   3.2743507e-18
       9810.0000   5.6220882e-16   7.3291254e-18
       9820.0000   5.6572741e-16   1.1383900e-17
       9830.0000   5.6924600e-16   1.5438675e-17
       9840.0000   5.6655896e-16   1.7190346e-17
       9850.0000   5.5264390e-16   1.4774948e-17
       9860.0000   5.3872884e-16   1.2359549e-17
       9870.0000   5.2481378e-16   9.9441511e-18
       9880.0000   5.1168855e-16   9.2775823e-18
       9890.0000   4.9918374e-16   9.9847670e-18
       9900.0000   4.8667892e-16   1.0691952e-17
       9910.0000   4.7417411e-16   1.1399136e-17
       9920.0000   4.6980088e-16   1.1560381e-17
       9930.0000   4.6815230e-16   1.1538697e-17
       9940.0000   4.6650372e-16   1.1517013e-17
       9950.0000   4.6485515e-16   1.1495329e-17
       9960.0000   4.6217420e-16   1.2459192e-17
       9970.0000   4.5940956e-16   1.3502963e-17
       9980.0000   4.5664491e-16   1.4546735e-17
       9990.0000   4.5419729e-16   1.5368827e-17
       10000.000   4.5511750e-16   1.3835994e-17
       10010.000   4.5603772e-16   1.2303161e-17
       10020.000   4.5695793e-16   1.0770327e-17
       10030.000   4.5993376e-16   9.9479944e-18
       10040.000   4.6978836e-16   1.1503244e-17
       10050.000   4.7964296e-16   1.3058493e-17
       10060.000   4.8949756e-16   1.4613742e-17
       10070.000   4.9698726e-16   1.5856014e-17
       10080.000   5.0045058e-16   1.6565422e-17
       10090.000   5.0391390e-16   1.7274829e-17
       10100.000   5.0737721e-16   1.7984237e-17
       10110.000   5.1036427e-16   1.7994473e-17
       10120.000   5.1285572e-16   1.7277113e-17
       10130.000   5.1534716e-16   1.6559754e-17
       10140.000   5.1783861e-16   1.5842394e-17
       10150.000   5.1924967e-16   1.5407618e-17
       10160.000   5.1990977e-16   1.5169262e-17
       10170.000   5.2056987e-16   1.4930907e-17
       10180.000   5.2122997e-16   1.4692551e-17
       10190.000   5.2437504e-16   1.6014990e-17
       10200.000   5.2863635e-16   1.8038528e-17
       10210.000   5.3289766e-16   2.0062066e-17
       10220.000   5.3715897e-16   2.2085604e-17
       10230.000   5.3978607e-16   2.2232673e-17
       10240.000   5.4192508e-16   2.1819300e-17
       10250.000   5.4406409e-16   2.1405928e-17
       10260.000   5.4620311e-16   2.0992555e-17
       10270.000   5.4761917e-16   1.8753199e-17
       10280.000   5.4889757e-16   1.6166138e-17
       10290.000   5.5017597e-16   1.3579077e-17
       10300.000   5.5145437e-16   1.0992016e-17
       10310.000   5.6475291e-16   9.3270900e-18
       10320.000   5.7953649e-16   7.7760901e-18
       10330.000   5.9432007e-16   6.2250902e-18
       10340.000   6.0910365e-16   4.6740903e-18
       10350.000   6.1809954e-16   5.8568589e-18
       10360.000   6.2672626e-16   7.2140025e-18
       10370.000   6.3535298e-16   8.5711462e-18
       10380.000   6.4397970e-16   9.9282898e-18
       10390.000   6.4050562e-16   1.2639778e-17
       10400.000   6.3665753e-16   1.5393126e-17
       10410.000   6.3280945e-16   1.8146473e-17
       10420.000   6.2896136e-16   2.0899821e-17
       10430.000   6.3349631e-16   2.0284897e-17
       10440.000   6.3811561e-16   1.9636085e-17
       10450.000   6.4273490e-16   1.8987272e-17
       10460.000   6.4735420e-16   1.8338460e-17
       10470.000   6.5450319e-16   1.9638566e-17
       10480.000   6.6165218e-16   2.0938672e-17
       10490.000   6.6880118e-16   2.2238779e-17
       10500.000   6.7595017e-16   2.3538885e-17
       10510.000   6.7560464e-16   2.2278560e-17
       10520.000   6.7518371e-16   2.0992474e-17
       10530.000   6.7476277e-16   1.9706389e-17
       10540.000   6.7434184e-16   1.8420303e-17
       10550.000   6.7713703e-16   1.7104782e-17
       10560.000   6.7999792e-16   1.5788660e-17
       10570.000   6.8285880e-16   1.4472538e-17
       10580.000   6.8571969e-16   1.3156415e-17
       10590.000   6.9113058e-16   1.3681013e-17
       10600.000   6.9667568e-16   1.4302490e-17
       10610.000   7.0222077e-16   1.4923968e-17
       10620.000   7.0776587e-16   1.5545445e-17
       10630.000   7.0055952e-16   1.5023903e-17
       10640.000   6.9224464e-16   1.4402994e-17
       10650.000   6.8392976e-16   1.3782085e-17
       10660.000   6.7561488e-16   1.3161176e-17
       10670.000   6.8447270e-16   1.3108733e-17
       10680.000   6.9589832e-16   1.3141291e-17
       10690.000   7.0732395e-16   1.3173850e-17
       10700.000   7.1874957e-16   1.3206408e-17
       10710.000   7.2292542e-16   1.2407000e-17
       10720.000   7.2540135e-16   1.1412514e-17
       10730.000   7.2787728e-16   1.0418028e-17
       10740.000   7.3035321e-16   9.4235421e-18
       10750.000   7.3579559e-16   1.0478658e-17
       10760.000   7.4222679e-16   1.2216975e-17
       10770.000   7.4865799e-16   1.3955291e-17
       10780.000   7.5508919e-16   1.5693608e-17
       10790.000   7.5605341e-16   1.4129964e-17
       10800.000   7.5432400e-16   1.0939408e-17
       10810.000   7.5259458e-16   7.7488509e-18
       10820.000   7.5086516e-16   4.5582942e-18
       10830.000   7.5674921e-16   4.2806263e-18
       10840.000   7.6814690e-16   6.1124609e-18
       10850.000   7.7954460e-16   7.9442955e-18
       10860.000   7.9094229e-16   9.7761301e-18
       10870.000   7.9724219e-16   1.1102971e-17
       10880.000   7.9823704e-16   1.1904288e-17
       10890.000   7.9923190e-16   1.2705604e-17
       10900.000   8.0022675e-16   1.3506921e-17
       10910.000   7.9797358e-16   1.4414036e-17
       10920.000   7.9042057e-16   1.5493784e-17
       10930.000   7.8286755e-16   1.6573531e-17
       10940.000   7.7531454e-16   1.7653278e-17
       10950.000   7.6858944e-16   1.8099375e-17
       10960.000   7.6410258e-16   1.6832437e-17
       10970.000   7.5961571e-16   1.5565499e-17
       10980.000   7.5512884e-16   1.4298562e-17
       10990.000   7.5219701e-16   1.3314293e-17
       11000.000   7.5882214e-16   1.4067267e-17
       11010.000   7.6544727e-16   1.4820242e-17
       11020.000   7.7207240e-16   1.5573216e-17
       11030.000   7.7854517e-16   1.6322035e-17
       11040.000   7.6987411e-16   1.6657845e-17
       11050.000   7.6120305e-16   1.6993655e-17
       11060.000   7.5253199e-16   1.7329466e-17
       11070.000   7.4386093e-16   1.7665276e-17
       11080.000   7.4091462e-16   1.6770770e-17
       11090.000   7.3882433e-16   1.5692297e-17
       11100.000   7.3673404e-16   1.4613824e-17
       11110.000   7.3464375e-16   1.3535350e-17
       11120.000   7.3185526e-16   1.2735429e-17
       11130.000   7.2879527e-16   1.2043822e-17
       11140.000   7.2573529e-16   1.1352216e-17
       11150.000   7.2267530e-16   1.0660610e-17
       11160.000   7.2517968e-16   1.0905863e-17
       11170.000   7.3205676e-16   1.1887336e-17
       11180.000   7.3893385e-16   1.2868810e-17
       11190.000   7.4581093e-16   1.3850283e-17
       11200.000   7.5101913e-16   1.3944427e-17
       11210.000   7.5372299e-16   1.2707036e-17
       11220.000   7.5642686e-16   1.1469645e-17
       11230.000   7.5913072e-16   1.0232254e-17
       11240.000   7.6023050e-16   9.3014891e-18
       11250.000   7.5564372e-16   9.4577320e-18
       11260.000   7.5105694e-16   9.6139749e-18
       11270.000   7.4647016e-16   9.7702178e-18
       11280.000   7.4203120e-16   9.9039312e-18
       11290.000   7.4113646e-16   9.4974865e-18
       11300.000   7.4024172e-16   9.0910419e-18
       11310.000   7.3934698e-16   8.6845973e-18
       11320.000   7.3845224e-16   8.2781526e-18
       11330.000   7.3898686e-16   1.1483385e-17
       11340.000   7.3975424e-16   1.5276756e-17
       11350.000   7.4052161e-16   1.9070126e-17
       11360.000   7.4128899e-16   2.2863497e-17
       11370.000   7.3919034e-16   2.2010275e-17
       11380.000   7.3561500e-16   1.8762936e-17
       11390.000   7.3203965e-16   1.5515598e-17
       11400.000   7.2846431e-16   1.2268259e-17
       11410.000   7.2908875e-16   1.1729879e-17
       11420.000   7.3464415e-16   1.4372082e-17
       11430.000   7.4019955e-16   1.7014284e-17
       11440.000   7.4575495e-16   1.9656487e-17
       11450.000   7.5179064e-16   2.0918086e-17
       11460.000   7.5926722e-16   1.8037874e-17
       11470.000   7.6674380e-16   1.5157662e-17
       11480.000   7.7422038e-16   1.2277450e-17
       11490.000   7.8163706e-16   9.5210025e-18
       11500.000   7.8761764e-16   9.7318831e-18
       11510.000   7.9359823e-16   9.9427637e-18
       11520.000   7.9957881e-16   1.0153644e-17
       11530.000   8.0555939e-16   1.0364525e-17
       11540.000   8.1148245e-16   1.0490424e-17
       11550.000   8.1739287e-16   1.0597672e-17
       11560.000   8.2330330e-16   1.0704919e-17
       11570.000   8.2921373e-16   1.0812167e-17
       11580.000   8.2101368e-16   1.3368287e-17
       11590.000   8.0300568e-16   1.7626578e-17
       11600.000   7.8499767e-16   2.1884870e-17
       11610.000   7.6698966e-16   2.6143161e-17
       11620.000   7.5466227e-16   2.7139689e-17
       11630.000   7.5243547e-16   2.2336545e-17
       11640.000   7.5020867e-16   1.7533400e-17
       11650.000   7.4798186e-16   1.2730256e-17
       11660.000   7.4551957e-16   8.4565449e-18
       11670.000   7.4133068e-16   8.0646328e-18
       11680.000   7.3714179e-16   7.6727208e-18
       11690.000   7.3295291e-16   7.2808087e-18
       11700.000   7.2876402e-16   6.8888966e-18
       11710.000   7.2490074e-16   7.8036708e-18
       11720.000   7.2108188e-16   8.8966624e-18
       11730.000   7.1726302e-16   9.9896539e-18
       11740.000   7.1344415e-16   1.1082646e-17
       11750.000   7.1556221e-16   1.0836174e-17
       11760.000   7.2116733e-16   9.8029670e-18
       11770.000   7.2677245e-16   8.7697603e-18
       11780.000   7.3237756e-16   7.7365536e-18
       11790.000   7.4040303e-16   6.8594469e-18
       11800.000   7.5254929e-16   6.2481096e-18
       11810.000   7.6469554e-16   5.6367723e-18
       11820.000   7.7684180e-16   5.0254350e-18
       11830.000   7.8778545e-16   4.7616372e-18
       11840.000   7.8990347e-16   7.0483498e-18
       11850.000   7.9202148e-16   9.3350624e-18
       11860.000   7.9413949e-16   1.1621775e-17
       11870.000   7.9625751e-16   1.3908488e-17
       11880.000   7.9600894e-16   1.3601399e-17
       11890.000   7.9534275e-16   1.2836580e-17
       11900.000   7.9467655e-16   1.2071761e-17
       11910.000   7.9401035e-16   1.1306942e-17
       11920.000   7.9240700e-16   1.0692714e-17
       11930.000   7.9012523e-16   1.0187499e-17
       11940.000   7.8784346e-16   9.6822834e-18
       11950.000   7.8556169e-16   9.1770683e-18
       11960.000   7.8348691e-16   8.5685875e-18
       11970.000   7.8187292e-16   7.7302154e-18
       11980.000   7.8025892e-16   6.8918432e-18
       11990.000   7.7864492e-16   6.0534710e-18
