       3000.0000   6.5382889e-26       0.0000000
       3010.0000   7.2445404e-26       0.0000000
       3020.0000   8.0211876e-26       0.0000000
       3030.0000   8.8746420e-26       0.0000000
       3040.0000   9.8118419e-26       0.0000000
       3050.0000   1.0840291e-25       0.0000000
       3060.0000   1.1968097e-25       0.0000000
       3070.0000   1.3204018e-25       0.0000000
       3080.0000   1.4557508e-25       0.0000000
       3090.0000   1.6038761e-25       0.0000000
       3100.0000   1.7658769e-25       0.0000000
       3110.0000   1.9429373e-25       0.0000000
       3120.0000   2.1363319e-25       0.0000000
       3130.0000   2.3474325e-25       0.0000000
       3140.0000   2.5777141e-25       0.0000000
       3150.0000   2.8287618e-25       0.0000000
       3160.0000   3.1022783e-25       0.0000000
       3170.0000   3.4000910e-25       0.0000000
       3180.0000   3.7241607e-25       0.0000000
       3190.0000   4.0765896e-25       0.0000000
       3200.0000   4.4596305e-25       0.0000000
       3210.0000   4.8756959e-25       0.0000000
       3220.0000   5.3273685e-25       0.0000000
       3230.0000   5.8174109e-25       0.0000000
       3240.0000   6.3487772e-25       0.0000000
       3250.0000   6.9246242e-25       0.0000000
       3260.0000   7.5483235e-25       0.0000000
       3270.0000   8.2234747e-25       0.0000000
       3280.0000   8.9539179e-25       0.0000000
       3290.0000   9.7437484e-25       0.0000000
       3300.0000   1.0597331e-24       0.0000000
       3310.0000   1.1519317e-24       0.0000000
       3320.0000   1.2514656e-24       0.0000000
       3330.0000   1.3588618e-24       0.0000000
       3340.0000   1.4746809e-24       0.0000000
       3350.0000   1.5995187e-24       0.0000000
       3360.0000   1.7340085e-24       0.0000000
       3370.0000   1.8788230e-24       0.0000000
       3380.0000   2.0346764e-24       0.0000000
       3390.0000   2.2023263e-24       0.0000000
       3400.0000   2.3825766e-24       0.0000000
       3410.0000   2.5762795e-24       0.0000000
       3420.0000   2.7843379e-24       0.0000000
       3430.0000   3.0077084e-24       0.0000000
       3440.0000   3.2474036e-24       0.0000000
       3450.0000   3.5044951e-24       0.0000000
       3460.0000   3.7801165e-24       0.0000000
       3470.0000   4.0754664e-24       0.0000000
       3480.0000   4.3918116e-24       0.0000000
       3490.0000   4.7304903e-24       0.0000000
       3500.0000   5.0929155e-24       0.0000000
       3510.0000   5.4805789e-24       0.0000000
       3520.0000   5.8950541e-24       0.0000000
       3530.0000   6.3380010e-24       0.0000000
       3540.0000   6.8111691e-24       0.0000000
       3550.0000   7.3164023e-24       0.0000000
       3560.0000   7.8556428e-24       0.0000000
       3570.0000   8.4309355e-24       0.0000000
       3580.0000   9.0444330e-24       0.0000000
       3590.0000   9.6983998e-24       0.0000000
       3600.0000   1.0395217e-23       0.0000000
       3610.0000   1.1137390e-23       0.0000000
       3620.0000   1.1927548e-23       0.0000000
       3630.0000   1.2768456e-23       0.0000000
       3640.0000   1.3663017e-23       0.0000000
       3650.0000   1.4614278e-23       0.0000000
       3660.0000   1.5625435e-23       0.0000000
       3670.0000   1.6699842e-23       0.0000000
       3680.0000   1.7841015e-23       0.0000000
       3690.0000   1.9052641e-23       0.0000000
       3700.0000   2.0338582e-23       0.0000000
       3710.0000   2.1702882e-23       0.0000000
       3720.0000   2.3149777e-23       0.0000000
       3730.0000   2.4683702e-23       0.0000000
       3740.0000   2.6309294e-23       0.0000000
       3750.0000   2.8031406e-23       0.0000000
       3760.0000   2.9855112e-23       0.0000000
       3770.0000   3.1785716e-23       0.0000000
       3780.0000   3.3828758e-23       0.0000000
       3790.0000   3.5990029e-23       0.0000000
       3800.0000   3.8275573e-23       0.0000000
       3810.0000   4.0691701e-23       0.0000000
       3820.0000   4.3244998e-23       0.0000000
       3830.0000   4.5942335e-23       0.0000000
       3840.0000   4.8790876e-23       0.0000000
       3850.0000   5.1798092e-23       0.0000000
       3860.0000   5.4971769e-23       0.0000000
       3870.0000   5.8320020e-23       0.0000000
       3880.0000   6.1851294e-23       0.0000000
       3890.0000   6.5574390e-23       0.0000000
       3900.0000   6.9498469e-23       0.0000000
       3910.0000   7.3633063e-23       0.0000000
       3920.0000   7.7988089e-23       0.0000000
       3930.0000   8.2573861e-23       0.0000000
       3940.0000   8.7401105e-23       0.0000000
       3950.0000   9.2480968e-23       0.0000000
       3960.0000   9.7825036e-23       0.0000000
       3970.0000   1.0344534e-22       0.0000000
       3980.0000   1.0935439e-22       0.0000000
       3990.0000   1.1556515e-22       0.0000000
       4000.0000   1.2209109e-22       0.0000000
       4010.0000   1.2894620e-22       0.0000000
       4020.0000   1.3614498e-22       0.0000000
       4030.0000   1.4370246e-22       0.0000000
       4040.0000   1.5163425e-22       0.0000000
       4050.0000   1.5995651e-22       0.0000000
       4060.0000   1.6868598e-22       0.0000000
       4070.0000   1.7784004e-22       0.0000000
       4080.0000   1.8743664e-22       0.0000000
       4090.0000   1.9749442e-22       0.0000000
       4100.0000   2.0803265e-22       0.0000000
       4110.0000   2.1907126e-22       0.0000000
       4120.0000   2.3063089e-22       0.0000000
       4130.0000   2.4273291e-22       0.0000000
       4140.0000   2.5539938e-22       0.0000000
       4150.0000   2.6865313e-22       0.0000000
       4160.0000   2.8251777e-22       0.0000000
       4170.0000   2.9701767e-22       0.0000000
       4180.0000   3.1217805e-22       0.0000000
       4190.0000   3.2802491e-22       0.0000000
       4200.0000   3.4458515e-22       0.0000000
       4210.0000   3.6188651e-22       0.0000000
       4220.0000   3.7995763e-22       0.0000000
       4230.0000   3.9882808e-22       0.0000000
       4240.0000   4.1852834e-22       0.0000000
       4250.0000   4.3908989e-22       0.0000000
       4260.0000   4.6054516e-22       0.0000000
       4270.0000   4.8292759e-22       0.0000000
       4280.0000   5.0627168e-22       0.0000000
       4290.0000   5.3061294e-22       0.0000000
       4300.0000   5.5598800e-22       0.0000000
       4310.0000   5.8243456e-22       0.0000000
       4320.0000   6.0999147e-22       0.0000000
       4330.0000   6.3869872e-22       0.0000000
       4340.0000   6.6859748e-22       0.0000000
       4350.0000   6.9973013e-22       0.0000000
       4360.0000   7.3214026e-22       0.0000000
       4370.0000   7.6587275e-22       0.0000000
       4380.0000   8.0097374e-22       0.0000000
       4390.0000   8.3749067e-22       0.0000000
       4400.0000   8.7547233e-22       0.0000000
       4410.0000   9.1496889e-22       0.0000000
       4420.0000   9.5603188e-22       0.0000000
       4430.0000   9.9871427e-22       0.0000000
       4440.0000   1.0430705e-21       0.0000000
       4450.0000   1.0891564e-21       0.0000000
       4460.0000   1.1370294e-21       0.0000000
       4470.0000   1.1867484e-21       0.0000000
       4480.0000   1.2383739e-21       0.0000000
       4490.0000   1.2919680e-21       0.0000000
       4500.0000   1.3475944e-21       0.0000000
       4510.0000   1.4053185e-21       0.0000000
       4520.0000   1.4652074e-21       0.0000000
       4530.0000   1.5273296e-21       0.0000000
       4540.0000   1.5917559e-21       0.0000000
       4550.0000   1.6585584e-21       0.0000000
       4560.0000   1.7278112e-21       0.0000000
       4570.0000   1.7995903e-21       0.0000000
       4580.0000   1.8739735e-21       0.0000000
       4590.0000   1.9510404e-21       0.0000000
       4600.0000   2.0308726e-21       0.0000000
       4610.0000   2.1135538e-21       0.0000000
       4620.0000   2.1991696e-21       0.0000000
       4630.0000   2.2878076e-21       0.0000000
       4640.0000   2.3795574e-21       0.0000000
       4650.0000   2.4745109e-21       0.0000000
       4660.0000   2.5727619e-21       0.0000000
       4670.0000   2.6744065e-21       0.0000000
       4680.0000   2.7795430e-21       0.0000000
       4690.0000   2.8882718e-21       0.0000000
       4700.0000   3.0006958e-21       0.0000000
       4710.0000   3.1169200e-21       0.0000000
       4720.0000   3.2370517e-21       0.0000000
       4730.0000   3.3612006e-21       0.0000000
       4740.0000   3.4894790e-21       0.0000000
       4750.0000   3.6220014e-21       0.0000000
       4760.0000   3.7588848e-21       0.0000000
       4770.0000   3.9002488e-21       0.0000000
       4780.0000   4.0462153e-21       0.0000000
       4790.0000   4.1969091e-21       0.0000000
       4800.0000   4.3524573e-21       0.0000000
       4810.0000   4.5129898e-21       0.0000000
       4820.0000   4.6786392e-21       0.0000000
       4830.0000   4.8495407e-21       0.0000000
       4840.0000   5.0258322e-21       0.0000000
       4850.0000   5.2076544e-21       0.0000000
       4860.0000   5.3951510e-21       0.0000000
       4870.0000   5.5884683e-21       0.0000000
       4880.0000   5.7877556e-21       0.0000000
       4890.0000   5.9931650e-21       0.0000000
       4900.0000   6.2048517e-21       0.0000000
       4910.0000   6.4229737e-21       0.0000000
       4920.0000   6.6476921e-21       0.0000000
       4930.0000   6.8791711e-21       0.0000000
       4940.0000   7.1175779e-21       0.0000000
       4950.0000   7.3630827e-21       0.0000000
       4960.0000   7.6158591e-21       0.0000000
       4970.0000   7.8760837e-21       0.0000000
       4980.0000   8.1439364e-21       0.0000000
       4990.0000   8.4196003e-21       0.0000000
       5000.0000   8.7032617e-21       0.0000000
       5010.0000   8.9951103e-21       0.0000000
       5020.0000   9.2953391e-21       0.0000000
       5030.0000   9.6041447e-21       0.0000000
       5040.0000   9.9217266e-21       0.0000000
       5050.0000   1.0248288e-20       0.0000000
       5060.0000   1.0584036e-20       0.0000000
       5070.0000   1.0929181e-20       0.0000000
       5080.0000   1.1283936e-20       0.0000000
       5090.0000   1.1648519e-20       0.0000000
       5100.0000   1.2023151e-20       0.0000000
       5110.0000   1.2408055e-20       0.0000000
       5120.0000   1.2803461e-20       0.0000000
       5130.0000   1.3209601e-20       0.0000000
       5140.0000   1.3626709e-20       0.0000000
       5150.0000   1.4055025e-20       0.0000000
       5160.0000   1.4494793e-20       0.0000000
       5170.0000   1.4946258e-20       0.0000000
       5180.0000   1.5409673e-20       0.0000000
       5190.0000   1.5885292e-20       0.0000000
       5200.0000   1.6373372e-20       0.0000000
       5210.0000   1.6874177e-20       0.0000000
       5220.0000   1.7387973e-20       0.0000000
       5230.0000   1.7915031e-20       0.0000000
       5240.0000   1.8455623e-20       0.0000000
       5250.0000   1.9010030e-20       0.0000000
       5260.0000   1.9578534e-20       0.0000000
       5270.0000   2.0161420e-20       0.0000000
       5280.0000   2.0758979e-20       0.0000000
       5290.0000   2.1371507e-20       0.0000000
       5300.0000   2.1999302e-20       0.0000000
       5310.0000   2.2642667e-20       0.0000000
       5320.0000   2.3301909e-20       0.0000000
       5330.0000   2.3977340e-20       0.0000000
       5340.0000   2.4669275e-20       0.0000000
       5350.0000   2.2772742e-18   6.0255077e-18
       5360.0000  -5.5380194e-18   5.9342261e-18
       5370.0000  -2.8656600e-18   5.6658355e-18
       5380.0000   7.0003400e-18   5.8603811e-18
       5390.0000   2.1694768e-18   5.8998785e-18
       5400.0000   6.3675399e-18   5.6538097e-18
       5410.0000   1.3071790e-17   5.8060078e-18
       5420.0000   6.1205298e-18   5.9614390e-18
       5430.0000   1.2717378e-17   6.7654437e-18
       5440.0000   7.5073616e-19   5.8504756e-18
       5450.0000   5.8408466e-18   6.1196137e-18
       5460.0000   1.5232391e-17   7.5783479e-18
       5470.0000   3.4381521e-18   5.9310604e-18
       5480.0000   5.3632171e-18   5.9761921e-18
       5490.0000   8.4262078e-18   5.8510932e-18
       5500.0000  -5.1728421e-19   5.9495754e-18
       5510.0000   1.0371779e-17   5.8420641e-18
       5520.0000   8.3171753e-18   6.1218681e-18
       5530.0000   4.1562429e-18   5.9282609e-18
       5540.0000   5.2355918e-18   5.9279564e-18
       5550.0000   2.3106931e-18   5.8321229e-18
       5560.0000   1.0016086e-17   6.0246604e-18
       5570.0000  -5.2312248e-18   6.4783530e-18
       5580.0000   5.3616382e-17   2.3549949e-17
       5590.0000   4.8466103e-18   5.9266890e-18
       5600.0000  -5.7972754e-18   5.9006053e-18
       5610.0000   7.8307987e-18   5.8697717e-18
       5620.0000   9.9052369e-18   5.9793302e-18
       5630.0000   7.2116620e-18   5.9401737e-18
       5640.0000   5.6637130e-18   5.8589131e-18
       5650.0000   4.7059388e-18   5.8288953e-18
       5660.0000   6.3872709e-18   5.8183850e-18
       5670.0000   9.8781958e-18   6.0578312e-18
       5680.0000   7.8560564e-18   6.3873564e-18
       5690.0000   1.2184458e-17   6.9374518e-18
       5700.0000   2.6359435e-18   6.2682570e-18
       5710.0000   2.2339073e-18   6.1188035e-18
       5720.0000   9.0449428e-18   6.0878128e-18
       5730.0000   7.2404316e-18   5.9215918e-18
       5740.0000   7.9287365e-18   5.9969658e-18
       5750.0000  -3.3931572e-18   5.8163538e-18
       5760.0000   9.7775561e-18   6.0065997e-18
       5770.0000   1.6580414e-17   6.6435002e-18
       5780.0000   2.7939136e-18   6.0405374e-18
       5790.0000   7.6603077e-18   6.6072223e-18
       5800.0000  -3.8511707e-18   6.5359366e-18
       5810.0000   4.6666263e-18   6.5877040e-18
       5820.0000   1.2832784e-17   6.7988077e-18
       5830.0000   1.2117842e-17   6.7704758e-18
       5840.0000   1.9388411e-17   6.8772536e-18
       5850.0000   1.2085601e-17   7.5987802e-18
       5860.0000   1.1695985e-17   6.5962663e-18
       5870.0000  -3.6787546e-18   6.9149236e-18
       5880.0000   3.3268849e-19   6.2913813e-18
       5890.0000   1.6312493e-17   1.2207628e-17
       5900.0000   4.2514474e-18   7.0355377e-18
       5910.0000  -4.0227033e-19   5.8681287e-18
       5920.0000   4.4588271e-18   6.0001114e-18
       5930.0000  -8.8550242e-19   5.9977533e-18
       5940.0000   4.0689496e-18   5.7086002e-18
       5950.0000   6.1834222e-18   5.6389026e-18
       5960.0000   9.4327113e-18   5.4660476e-18
       5970.0000   1.0732530e-17   5.6850821e-18
       5980.0000   6.9830371e-18   5.3456299e-18
       5990.0000   8.1086254e-18   5.0476255e-18
       6000.0000   5.3800639e-18   5.0919365e-18
       6010.0000   5.5596797e-20   4.8416594e-18
       6020.0000   5.9644582e-18   5.0211704e-18
       6030.0000   1.2668029e-17   4.9207648e-18
       6040.0000   4.3067475e-18   4.8168756e-18
       6050.0000  -5.1456794e-18   4.7153142e-18
       6060.0000  -3.3110075e-18   4.9048159e-18
       6070.0000   1.1975105e-17   4.7184011e-18
       6080.0000  -3.5588764e-18   4.4380720e-18
       6090.0000   3.4889956e-18   4.4900263e-18
       6100.0000   1.5314405e-18   4.7443680e-18
       6110.0000   4.1215921e-18   4.5887480e-18
       6120.0000   1.1310452e-18   4.9088726e-18
       6130.0000   2.7415697e-18   4.4838851e-18
       6140.0000   9.0596759e-19   4.7734595e-18
       6150.0000  -1.9679027e-18   4.4719570e-18
       6160.0000   1.2444035e-17   4.7058068e-18
       6170.0000   6.6989785e-18   4.7113593e-18
       6180.0000  -2.8529606e-18   4.6131266e-18
       6190.0000  -4.2952623e-18   4.4730015e-18
       6200.0000   5.8610451e-18   4.3089141e-18
       6210.0000   9.3635408e-18   4.4005929e-18
       6220.0000   4.2981926e-18   4.1955430e-18
       6230.0000   1.4653781e-18   4.2052244e-18
       6240.0000  -3.5811754e-18   4.7766731e-18
       6250.0000   1.1859630e-17   3.9914375e-18
       6260.0000   1.1427861e-17   4.5299677e-18
       6270.0000   2.2340961e-18   3.8768615e-18
       6280.0000   5.3442324e-18   4.1290795e-18
       6290.0000   5.5020062e-18   4.4083559e-18
       6300.0000   5.2345499e-18   5.9478924e-18
       6310.0000   3.5881301e-18   4.2700314e-18
       6320.0000   1.0981090e-17   4.0374523e-18
       6330.0000   1.0048077e-17   4.4211516e-18
       6340.0000   3.1030305e-18   3.9307693e-18
       6350.0000   1.9278218e-18   4.0793610e-18
       6360.0000   1.3363268e-17   4.0648606e-18
       6370.0000   9.1009545e-21   3.7249432e-18
       6380.0000   2.9981856e-18   3.8350872e-18
       6390.0000  -5.6101590e-19   3.7575303e-18
       6400.0000   6.5751573e-18   3.6191070e-18
       6410.0000  -2.3070332e-18   4.0202387e-18
       6420.0000   5.6501224e-18   3.6428628e-18
       6430.0000   6.4411404e-18   3.6365831e-18
       6440.0000   2.2019924e-18   3.5448693e-18
       6450.0000   8.8708823e-18   3.7462135e-18
       6460.0000   2.6363971e-18   3.7665889e-18
       6470.0000   4.3538842e-18   3.9338705e-18
       6480.0000   8.5459600e-18   3.8370622e-18
       6490.0000   9.6361636e-18   3.5617836e-18
       6500.0000   4.4518736e-18   4.3918335e-18
       6510.0000   7.0851423e-18   3.7631474e-18
       6520.0000   4.5538768e-18   3.7588690e-18
       6530.0000   7.1567313e-18   3.8286584e-18
       6540.0000   1.1419873e-18   3.7214906e-18
       6550.0000   3.1655644e-18   3.9311294e-18
       6560.0000   7.6572203e-18   3.5924433e-18
       6570.0000   5.4649977e-18   3.7893778e-18
       6580.0000   1.2428307e-17   3.9222894e-18
       6590.0000   7.8055213e-18   3.4595492e-18
       6600.0000   7.8215051e-18   3.5407338e-18
       6610.0000   9.3769691e-18   3.4730487e-18
       6620.0000   1.1048420e-17   3.5979763e-18
       6630.0000   9.1180176e-18   3.4225309e-18
       6640.0000   1.1670450e-17   3.5045563e-18
       6650.0000   1.6147301e-17   3.5648091e-18
       6660.0000   1.3385860e-17   3.7785905e-18
       6670.0000   1.4114138e-17   3.4465731e-18
       6680.0000   1.6294747e-17   3.3253921e-18
       6690.0000   1.6613816e-17   3.6030291e-18
       6700.0000   1.5955303e-17   3.4249895e-18
       6710.0000   1.3460229e-17   3.2928482e-18
       6720.0000   1.6394511e-17   3.2768327e-18
       6730.0000   1.1702849e-17   3.4159086e-18
       6740.0000   1.5689961e-17   3.2695927e-18
       6750.0000   1.6031635e-17   3.4331400e-18
       6760.0000   1.0368125e-17   3.2302639e-18
       6770.0000   1.9055948e-17   3.3285386e-18
       6780.0000   1.7616551e-17   3.2953952e-18
       6790.0000   1.4573266e-17   3.4287794e-18
       6800.0000   1.5273323e-17   3.4674415e-18
       6810.0000   1.7413264e-17   3.3366027e-18
       6820.0000   1.3357382e-17   3.1967460e-18
       6830.0000   1.5810504e-17   4.9324876e-18
       6840.0000   2.3991505e-17   3.6895565e-18
       6850.0000   2.1686701e-17   3.3107592e-18
       6860.0000   1.9132670e-17   3.7658456e-18
       6870.0000   1.4297530e-17   4.1999949e-18
       6880.0000   1.5141929e-17   3.6638729e-18
       6890.0000   2.2764753e-17   3.9356775e-18
       6900.0000   2.4418823e-17   3.7838829e-18
       6910.0000   1.6622991e-17   3.6347130e-18
       6920.0000   1.9999263e-17   3.5864034e-18
       6930.0000   1.6174532e-17   8.5384217e-18
       6940.0000   2.2170676e-17   4.0091602e-18
       6950.0000   1.5855759e-17   4.5785530e-18
       6960.0000   1.9002565e-17   3.3050067e-18
       6970.0000   1.8592562e-17   3.6701501e-18
       6980.0000   1.4975361e-17   4.0966860e-18
       6990.0000   1.8797515e-17   3.2076984e-18
       7000.0000   1.0114339e-17   3.2876730e-18
       7010.0000   1.3168878e-17   3.5796702e-18
       7020.0000   2.0814768e-17   3.2245419e-18
       7030.0000   2.2569904e-17   3.2310593e-18
       7040.0000   1.8701171e-17   3.3884004e-18
       7050.0000   2.3325438e-17   3.6548728e-18
       7060.0000   2.1604535e-17   3.2212613e-18
       7070.0000   2.0515406e-17   3.4346202e-18
       7080.0000   1.9831875e-17   3.2943397e-18
       7090.0000   2.5506867e-17   3.5146615e-18
       7100.0000   2.0369749e-17   3.2330461e-18
       7110.0000   1.9467357e-17   3.1235068e-18
       7120.0000   2.6447344e-17   3.1627040e-18
       7130.0000   2.1812807e-17   3.4654983e-18
       7140.0000   2.3243208e-17   3.3013448e-18
       7150.0000   2.1668745e-17   3.2181281e-18
       7160.0000   2.4033903e-17   3.2955725e-18
       7170.0000   2.3826754e-17   3.7131923e-18
       7180.0000   2.2468067e-17   3.2624372e-18
       7190.0000   1.7782291e-17   3.4216379e-18
       7200.0000   1.5301000e-17   3.3077854e-18
       7210.0000   2.2336936e-17   3.4331242e-18
       7220.0000   2.4518038e-17   3.3897711e-18
       7230.0000   2.0570638e-17   3.5024967e-18
       7240.0000   2.2460651e-17   6.4256038e-18
       7250.0000   2.5253576e-17   4.1965250e-18
       7260.0000   2.2915022e-17   3.9410389e-18
       7270.0000   2.4110988e-17   4.0017753e-18
       7280.0000   2.1153942e-17   5.3801176e-18
       7290.0000   2.2183187e-17   3.8313319e-18
       7300.0000   2.0680386e-17   3.6346187e-18
       7310.0000   2.2773956e-17   3.8080464e-18
       7320.0000   2.1603531e-17   4.8938610e-18
       7330.0000   2.1319981e-17   5.2848141e-18
       7340.0000   2.6035219e-17   7.1748979e-18
       7350.0000   1.4669883e-17   3.6461850e-18
       7360.0000   2.1043231e-17   5.1318198e-18
       7370.0000   3.3021704e-17   7.2294090e-18
       7380.0000   1.7180901e-17   3.5049402e-18
       7390.0000   1.2616497e-17   3.8692997e-18
       7400.0000   1.6703176e-17   4.9528976e-18
       7410.0000   1.4782153e-17   3.6332584e-18
       7420.0000   1.6935065e-17   3.5546205e-18
       7430.0000   1.6665406e-17   4.2760227e-18
       7440.0000   2.6811400e-17   4.8684608e-18
       7450.0000   1.4266741e-17   3.3031479e-18
       7460.0000   1.5934142e-17   3.4178518e-18
       7470.0000   1.3520816e-17   4.4379289e-18
       7480.0000   1.6076936e-17   4.5925648e-18
       7490.0000   1.1468580e-17   3.4245196e-18
       7500.0000   1.2661022e-17   3.3484245e-18
       7510.0000   1.2087684e-17   3.1994653e-18
       7520.0000   1.4328615e-17   4.0852155e-18
       7530.0000   1.8228775e-17   4.1603282e-18
       7540.0000   7.0346489e-18   3.5748376e-18
       7550.0000   1.1451220e-17   3.3822180e-18
       7560.0000   4.2855054e-18   3.8207054e-18
       7570.0000   8.3625617e-18   4.7812045e-18
       7580.0000   6.3195202e-18   3.4833071e-18
       7590.0000   3.3701612e-18   3.4801993e-18
       7600.0000   1.0516340e-17   8.5283630e-18
       7610.0000   7.5692616e-18   6.2427929e-18
       7620.0000   9.1080792e-18   4.3691448e-18
       7630.0000   8.6620446e-18   6.7177683e-18
       7640.0000  -1.8896216e-18   4.1880971e-18
       7650.0000  -3.9958851e-18   4.1737484e-18
       7660.0000  -7.7583873e-19   3.9613700e-18
       7670.0000  -6.3098853e-18   3.4849307e-18
       7680.0000  -1.2210280e-18   3.5118870e-18
       7690.0000   4.2476944e-18   3.6173509e-18
       7700.0000  -1.5625605e-18   3.9978080e-18
       7710.0000  -4.5832297e-18   5.2411490e-18
       7720.0000   1.2070436e-17   6.2881062e-18
       7730.0000  -2.9453681e-18   3.8377507e-18
       7740.0000   2.8646960e-18   3.7282133e-18
       7750.0000   6.7632227e-18   9.0524474e-18
       7760.0000   1.2178808e-17   5.6583486e-18
       7770.0000   1.5999741e-17   4.2515185e-18
       7780.0000   1.1000654e-17   4.9201700e-18
       7790.0000   1.6490176e-17   4.5877533e-18
       7800.0000   7.0716656e-18   3.9456413e-18
       7810.0000   1.2368495e-17   5.7823102e-18
       7820.0000   5.7774696e-18   6.9298147e-18
       7830.0000   2.1613038e-17   3.8781850e-18
       7840.0000   1.9721486e-17   5.2607607e-18
       7850.0000   2.2650299e-17   6.2317777e-18
       7860.0000   2.2279371e-17   6.5036650e-18
       7870.0000   3.1600038e-17   6.9794701e-18
       7880.0000   2.8012243e-17   6.0794658e-18
       7890.0000   2.0920564e-17   7.6737743e-18
       7900.0000   2.2968018e-17   3.9596912e-18
       7910.0000   4.0698855e-17   5.7016065e-18
       7920.0000   2.6835298e-17   7.2886314e-18
       7930.0000   3.1666147e-17   6.4627632e-18
       7940.0000   4.2357063e-17   4.1908247e-18
       7950.0000   2.9786677e-17   5.8921417e-18
       7960.0000   3.1275398e-17   4.6810892e-18
       7970.0000   3.9581475e-17   5.5779161e-18
       7980.0000   4.7344235e-17   6.8893603e-18
       7990.0000   5.2636536e-17   6.2007388e-18
       8000.0000   4.6543534e-17   5.1238306e-18
       8010.0000   4.8484171e-17   4.4701861e-18
       8020.0000   5.3893112e-17   4.7675961e-18
       8030.0000   4.6385399e-17   6.0417849e-18
       8040.0000   5.6749066e-17   4.3171752e-18
       8050.0000   6.5551261e-17   5.2371158e-18
       8060.0000   7.7892641e-17   6.4996509e-18
       8070.0000   6.4059975e-17   4.1779283e-18
       8080.0000   6.4187154e-17   4.2589807e-18
       8090.0000   6.8407120e-17   4.2945704e-18
       8100.0000   7.3525830e-17   4.9075233e-18
       8110.0000   7.2501086e-17   4.6823412e-18
       8120.0000   7.5635421e-17   4.2482591e-18
       8130.0000   7.5794469e-17   4.4857272e-18
       8140.0000   1.1421466e-16   5.2750247e-18
       8150.0000   8.3952396e-17   4.8625299e-18
       8160.0000   8.1080680e-17   4.5439273e-18
       8170.0000   8.3402185e-17   4.8554384e-18
       8180.0000   8.2494453e-17   4.9267892e-18
       8190.0000   8.4717307e-17   5.1157680e-18
       8200.0000   9.0420983e-17   4.9328633e-18
       8210.0000   9.9386705e-17   4.8004909e-18
       8220.0000   9.4331424e-17   4.8278486e-18
       8230.0000   9.6822997e-17   5.1714265e-18
       8240.0000   1.0503120e-16   4.8961726e-18
       8250.0000   1.1161664e-16   4.9483662e-18
       8260.0000   1.1554442e-16   4.9468364e-18
       8270.0000   1.1689268e-16   5.1043358e-18
       8280.0000   1.2140188e-16   9.3571666e-18
       8290.0000   1.3050675e-16   1.0111960e-17
       8300.0000   1.2852860e-16   1.1543779e-17
       8310.0000   1.2636074e-16   7.5107726e-18
       8320.0000   1.3024660e-16   5.4822112e-18
       8330.0000   1.3289338e-16   5.2194730e-18
       8340.0000   1.4806106e-16   8.0257484e-18
       8350.0000   1.2999818e-16   9.7066306e-18
       8360.0000   1.4047601e-16   6.1170613e-18
       8370.0000   1.4469935e-16   5.7918171e-18
       8380.0000   1.6520790e-16   7.6379050e-18
       8390.0000   1.4355382e-16   5.7214927e-18
       8400.0000   1.9768366e-16   2.0208658e-17
       8410.0000   1.5829697e-16   6.3206658e-18
       8420.0000   1.4942015e-16   6.7869476e-18
       8430.0000   1.6779600e-16   2.1143340e-17
       8440.0000   1.6211062e-16   5.7284341e-18
       8450.0000   1.5539142e-16   7.9809432e-18
       8460.0000   1.6367812e-16   6.9752232e-18
       8470.0000   1.6797292e-16   9.4663740e-18
       8480.0000   1.6862379e-16   5.9723103e-18
       8490.0000   1.8057532e-16   7.1208845e-18
       8500.0000   1.8597080e-16   7.3528294e-18
       8510.0000   1.6842906e-16   7.1398822e-18
       8520.0000   9.0292229e-17   5.4618145e-18
       8530.0000   1.7457574e-16   5.9920067e-18
       8540.0000   1.9343475e-16   7.5979583e-18
       8550.0000   2.1962255e-16   9.8140384e-18
       8560.0000   2.0206840e-16   6.4108928e-18
       8570.0000   2.1695624e-16   6.5462174e-18
       8580.0000   2.1777404e-16   6.6702174e-18
       8590.0000   2.2363159e-16   7.6863333e-18
       8600.0000   2.0668300e-16   7.8276000e-18
       8610.0000   1.8843918e-16   7.5535677e-18
       8620.0000   1.5101967e-16   9.7922476e-18
       8630.0000   1.3618362e-16   1.1527088e-17
       8640.0000   1.5153529e-16   8.9974820e-18
       8650.0000   1.6252649e-16   1.0541477e-17
       8660.0000   1.8145498e-16   1.2518377e-17
       8670.0000   1.7458527e-16   1.0636855e-17
       8680.0000   1.7841264e-16   9.1376657e-18
       8690.0000   1.8601495e-16   7.6621000e-18
       8700.0000   1.7104132e-16   7.6873951e-18
       8710.0000   1.7014718e-16   7.3835906e-18
       8720.0000   1.6630930e-16   6.8154406e-18
       8730.0000   1.9085835e-16   7.3809678e-18
       8740.0000   1.8613187e-16   7.3260727e-18
       8750.0000   1.7918503e-16   7.3759582e-18
       8760.0000   2.3409725e-16   1.5746884e-17
       8770.0000   1.9050617e-16   1.5197010e-17
       8780.0000   2.3146680e-16   1.6978715e-17
       8790.0000   2.0588906e-16   1.3793957e-17
       8800.0000   2.0641204e-16   7.6784636e-18
       8810.0000   2.0733675e-16   8.1235432e-18
       8820.0000   2.5987535e-16   9.7931371e-18
       8830.0000   2.5608773e-16   2.2631860e-17
       8840.0000   2.5475248e-16   1.3002492e-17
       8850.0000   2.3870463e-16   1.1668151e-17
       8860.0000   2.3889902e-16   8.7832609e-18
       8870.0000   2.3382023e-16   1.3981731e-17
       8880.0000   2.6764176e-16   1.0500482e-17
       8890.0000   2.4769139e-16   1.5468813e-17
       8900.0000   2.8222377e-16   1.2915262e-17
       8910.0000   2.9948173e-16   3.9929423e-17
       8920.0000   3.0202866e-16   5.1423077e-17
       8930.0000   2.9430886e-16   5.2085059e-17
       8940.0000   2.8658906e-16   5.2747041e-17
       8950.0000   2.8320279e-16   5.3075748e-17
       8960.0000   2.9491175e-16   5.2243537e-17
       8970.0000   3.0662072e-16   5.1411326e-17
       8980.0000   3.1832968e-16   5.0579115e-17
       8990.0000   3.0298437e-16   4.9888713e-17
       9000.0000   2.8244612e-16   4.9225530e-17
       9010.0000   2.6190787e-16   4.8562347e-17
       9020.0000   2.4525907e-16   4.8273300e-17
       9030.0000   2.3364085e-16   4.8468159e-17
       9040.0000   2.2202262e-16   4.8663018e-17
       9050.0000   2.1088834e-16   4.8864436e-17
       9060.0000   2.3165904e-16   4.9498343e-17
       9070.0000   2.5242975e-16   5.0132250e-17
       9080.0000   2.7320045e-16   5.0766157e-17
       9090.0000   2.9982756e-16   5.0446324e-17
       9100.0000   3.3076604e-16   4.9424363e-17
       9110.0000   3.6170453e-16   4.8402403e-17
       9120.0000   3.8282912e-16   4.7526949e-17
       9130.0000   3.3125998e-16   4.7736702e-17
       9140.0000   2.7969085e-16   4.7946456e-17
       9150.0000   2.2812171e-16   4.8156209e-17
       9160.0000   2.3169241e-16   4.7556055e-17
       9170.0000   2.6573843e-16   4.6508272e-17
       9180.0000   2.9978445e-16   4.5460489e-17
       9190.0000   3.2549688e-16   4.4572210e-17
       9200.0000   3.0434501e-16   4.4580908e-17
       9210.0000   2.8319314e-16   4.4589605e-17
       9220.0000   2.6204127e-16   4.4598303e-17
       9230.0000   2.7181703e-16   4.4505514e-17
       9240.0000   2.9898663e-16   4.4355650e-17
       9250.0000   3.2615624e-16   4.4205785e-17
       9260.0000   3.5332967e-16   4.4178526e-17
       9270.0000   3.8053322e-16   4.5113776e-17
       9280.0000   4.0773677e-16   4.6049026e-17
       9290.0000   4.3494031e-16   4.6984277e-17
       9300.0000   4.3778787e-16   4.7713107e-17
       9310.0000   4.2211617e-16   4.8284982e-17
       9320.0000   4.0644447e-16   4.8856858e-17
       9330.0000   3.9080849e-16   4.9427348e-17
       9340.0000   3.8230940e-16   4.9720846e-17
       9350.0000   3.7381030e-16   5.0014345e-17
       9360.0000   3.6531121e-16   5.0307844e-17
       9370.0000   3.5757833e-16   5.0383714e-17
       9380.0000   3.5087797e-16   5.0166319e-17
       9390.0000   3.4417761e-16   4.9948923e-17
       9400.0000   3.3747725e-16   4.9731528e-17
       9410.0000   3.5478421e-16   4.9763482e-17
       9420.0000   3.7700902e-16   4.9846516e-17
       9430.0000   3.9923382e-16   4.9929549e-17
       9440.0000   4.1597169e-16   4.9809841e-17
       9450.0000   4.1291020e-16   4.8958549e-17
       9460.0000   4.0984871e-16   4.8107257e-17
       9470.0000   4.0678722e-16   4.7255966e-17
       9480.0000   3.9426931e-16   4.6774887e-17
       9490.0000   3.7512516e-16   4.6553222e-17
       9500.0000   3.5598101e-16   4.6331557e-17
       9510.0000   3.3683686e-16   4.6109892e-17
       9520.0000   3.4632913e-16   4.5039693e-17
       9530.0000   3.5758482e-16   4.3917241e-17
       9540.0000   3.6884052e-16   4.2794789e-17
       9550.0000   3.7716257e-16   4.1842208e-17
       9560.0000   3.7797666e-16   4.1324369e-17
       9570.0000   3.7879074e-16   4.0806531e-17
       9580.0000   3.7960482e-16   4.0288693e-17
       9590.0000   3.8243889e-16   3.9857293e-17
       9600.0000   3.8660271e-16   3.9482797e-17
       9610.0000   3.9076654e-16   3.9108300e-17
       9620.0000   3.9493036e-16   3.8733804e-17
       9630.0000   3.9749469e-16   3.8687692e-17
       9640.0000   3.9989886e-16   3.8674462e-17
       9650.0000   4.0230302e-16   3.8661231e-17
       9660.0000   4.0315233e-16   3.8596045e-17
       9670.0000   3.9778220e-16   3.8323033e-17
       9680.0000   3.9241206e-16   3.8050022e-17
       9690.0000   3.8704192e-16   3.7777010e-17
       9700.0000   3.9555339e-16   3.7519649e-17
       9710.0000   4.1940766e-16   3.7279586e-17
       9720.0000   4.4326194e-16   3.7039522e-17
       9730.0000   4.6711622e-16   3.6799459e-17
       9740.0000   4.8288355e-16   3.6455489e-17
       9750.0000   4.9573459e-16   3.6074048e-17
       9760.0000   5.0858563e-16   3.5692607e-17
       9770.0000   5.2143668e-16   3.5311167e-17
       9780.0000   5.2300565e-16   3.5256264e-17
       9790.0000   5.2433266e-16   3.5208364e-17
       9800.0000   5.2565967e-16   3.5160465e-17
       9810.0000   5.2708126e-16   3.5092167e-17
       9820.0000   5.2886082e-16   3.4946663e-17
       9830.0000   5.3064038e-16   3.4801158e-17
       9840.0000   5.3241994e-16   3.4655654e-17
       9850.0000   5.2396766e-16   3.4662660e-17
       9860.0000   5.0161686e-16   3.4876831e-17
       9870.0000   4.7926606e-16   3.5091002e-17
       9880.0000   4.5691526e-16   3.5305172e-17
       9890.0000   4.6345706e-16   3.5358943e-17
       9900.0000   4.8740678e-16   3.5316072e-17
       9910.0000   5.1135649e-16   3.5273201e-17
       9920.0000   5.3530620e-16   3.5230331e-17
       9930.0000   5.3371236e-16   3.5311300e-17
       9940.0000   5.2612530e-16   3.5421325e-17
       9950.0000   5.1853825e-16   3.5531350e-17
       9960.0000   5.1095119e-16   3.5641376e-17
       9970.0000   5.1203701e-16   3.5481937e-17
       9980.0000   5.1328153e-16   3.5317567e-17
       9990.0000   5.1452604e-16   3.5153197e-17
       10000.000   5.1620612e-16   3.4967020e-17
       10010.000   5.2056087e-16   3.4646920e-17
       10020.000   5.2491563e-16   3.4326821e-17
       10030.000   5.2927038e-16   3.4006721e-17
       10040.000   5.2714359e-16   3.3635385e-17
       10050.000   5.0834834e-16   3.3132284e-17
       10060.000   4.8955308e-16   3.2629182e-17
       10070.000   4.7075783e-16   3.2126081e-17
       10080.000   4.5555696e-16   3.1879878e-17
       10090.000   4.4552933e-16   3.2003417e-17
       10100.000   4.3550169e-16   3.2126955e-17
       10110.000   4.2547405e-16   3.2250494e-17
       10120.000   4.4350526e-16   3.2368344e-17
       10130.000   4.8641102e-16   3.2481152e-17
       10140.000   5.2931679e-16   3.2593959e-17
       10150.000   5.7222256e-16   3.2706767e-17
       10160.000   5.8704493e-16   3.2787522e-17
       10170.000   5.8607306e-16   3.2850251e-17
       10180.000   5.8510120e-16   3.2912980e-17
       10190.000   5.8412933e-16   3.2975709e-17
       10200.000   5.7556374e-16   3.2992568e-17
       10210.000   5.6419063e-16   3.2992468e-17
       10220.000   5.5281751e-16   3.2992368e-17
       10230.000   5.4144440e-16   3.2992268e-17
       10240.000   5.3951712e-16   3.2946214e-17
       10250.000   5.3995130e-16   3.2888670e-17
       10260.000   5.4038547e-16   3.2831127e-17
       10270.000   5.4081965e-16   3.2773584e-17
       10280.000   5.3282072e-16   3.2650303e-17
       10290.000   5.2356189e-16   3.2517201e-17
       10300.000   5.1430305e-16   3.2384099e-17
       10310.000   5.0504422e-16   3.2250997e-17
       10320.000   5.2502599e-16   3.2241281e-17
       10330.000   5.4754975e-16   3.2242292e-17
       10340.000   5.7007351e-16   3.2243302e-17
       10350.000   5.9259727e-16   3.2244313e-17
       10360.000   5.9681685e-16   3.1887314e-17
       10370.000   6.0027298e-16   3.1515383e-17
       10380.000   6.0372910e-16   3.1143451e-17
       10390.000   6.0718523e-16   3.0771520e-17
       10400.000   5.8980300e-16   3.0975284e-17
       10410.000   5.7220903e-16   3.1184897e-17
       10420.000   5.5461506e-16   3.1394511e-17
       10430.000   5.3740328e-16   3.1595662e-17
       10440.000   5.5780459e-16   3.0963975e-17
       10450.000   5.7820590e-16   3.0332287e-17
       10460.000   5.9860721e-16   2.9700600e-17
       10470.000   6.1870318e-16   2.9070341e-17
       10480.000   6.0845007e-16   2.8582039e-17
       10490.000   5.9819697e-16   2.8093738e-17
       10500.000   5.8794386e-16   2.7605437e-17
       10510.000   5.7794335e-16   2.7117752e-17
       10520.000   5.9280228e-16   2.6690746e-17
       10530.000   6.0766121e-16   2.6263740e-17
       10540.000   6.2252014e-16   2.5836734e-17
       10550.000   6.3737907e-16   2.5409728e-17
       10560.000   6.2737758e-16   2.5232070e-17
       10570.000   6.1712597e-16   2.5056921e-17
       10580.000   6.0687435e-16   2.4881771e-17
       10590.000   5.9662274e-16   2.4706622e-17
       10600.000   5.9786326e-16   2.4480423e-17
       10610.000   5.9958189e-16   2.4252100e-17
       10620.000   6.0130053e-16   2.4023777e-17
       10630.000   6.0301916e-16   2.3795454e-17
       10640.000   6.0235145e-16   2.4246249e-17
       10650.000   6.0147629e-16   2.4756081e-17
       10660.000   6.0060112e-16   2.5265913e-17
       10670.000   5.9972596e-16   2.5775746e-17
       10680.000   6.0740462e-16   2.5982762e-17
       10690.000   6.1624885e-16   2.6148517e-17
       10700.000   6.2509307e-16   2.6314271e-17
       10710.000   6.3393730e-16   2.6480025e-17
       10720.000   6.3772744e-16   2.6731482e-17
       10730.000   6.4040829e-16   2.7001749e-17
       10740.000   6.4308914e-16   2.7272016e-17
       10750.000   6.4576999e-16   2.7542283e-17
       10760.000   6.5417154e-16   2.7848102e-17
       10770.000   6.6447998e-16   2.8165772e-17
       10780.000   6.7478842e-16   2.8483442e-17
       10790.000   6.8509687e-16   2.8801113e-17
       10800.000   6.8060954e-16   2.8758375e-17
       10810.000   6.6883540e-16   2.8538139e-17
       10820.000   6.5706125e-16   2.8317903e-17
       10830.000   6.4528711e-16   2.8097667e-17
       10840.000   6.4223699e-16   2.8126086e-17
       10850.000   6.4550477e-16   2.8334579e-17
       10860.000   6.4877256e-16   2.8543072e-17
       10870.000   6.5204035e-16   2.8751565e-17
       10880.000   6.5376222e-16   2.8739488e-17
       10890.000   6.5380922e-16   2.8488440e-17
       10900.000   6.5385622e-16   2.8237393e-17
       10910.000   6.5390322e-16   2.7986345e-17
       10920.000   6.4940083e-16   2.7751602e-17
       10930.000   6.3715280e-16   2.7544619e-17
       10940.000   6.2490478e-16   2.7337636e-17
       10950.000   6.1265676e-16   2.7130653e-17
       10960.000   6.0367949e-16   2.6952298e-17
       10970.000   6.0451445e-16   2.6859827e-17
       10980.000   6.0534942e-16   2.6767356e-17
       10990.000   6.0618439e-16   2.6674885e-17
       11000.000   6.0563221e-16   2.6541575e-17
       11010.000   5.9580322e-16   2.6135148e-17
       11020.000   5.8597423e-16   2.5728722e-17
       11030.000   5.7614524e-16   2.5322295e-17
       11040.000   5.6631625e-16   2.4915868e-17
       11050.000   5.6671038e-16   2.4587365e-17
       11060.000   5.6720736e-16   2.4259645e-17
       11070.000   5.6770435e-16   2.3931926e-17
       11080.000   5.6820133e-16   2.3604207e-17
       11090.000   5.7019917e-16   2.3355027e-17
       11100.000   5.7246187e-16   2.3119707e-17
       11110.000   5.7472457e-16   2.2884387e-17
       11120.000   5.7698726e-16   2.2649067e-17
       11130.000   5.7203060e-16   2.2572659e-17
       11140.000   5.6397993e-16   2.2564357e-17
       11150.000   5.5592926e-16   2.2556055e-17
       11160.000   5.4787859e-16   2.2547753e-17
       11170.000   5.5059193e-16   2.2624341e-17
       11180.000   5.6247317e-16   2.2773231e-17
       11190.000   5.7435441e-16   2.2922121e-17
       11200.000   5.8623565e-16   2.3071011e-17
       11210.000   5.9396645e-16   2.3324649e-17
       11220.000   5.9463088e-16   2.3756626e-17
       11230.000   5.9529532e-16   2.4188602e-17
       11240.000   5.9595975e-16   2.4620579e-17
       11250.000   5.9442969e-16   2.5064563e-17
       11260.000   5.8412170e-16   2.5556574e-17
       11270.000   5.7381371e-16   2.6048586e-17
       11280.000   5.6350571e-16   2.6540597e-17
       11290.000   5.5342647e-16   2.7028437e-17
       11300.000   5.6608340e-16   2.7101760e-17
       11310.000   5.7874034e-16   2.7175083e-17
       11320.000   5.9139727e-16   2.7248406e-17
       11330.000   6.0405421e-16   2.7321728e-17
       11340.000   5.8975223e-16   2.7458152e-17
       11350.000   5.6953323e-16   2.7608426e-17
       11360.000   5.4931423e-16   2.7758700e-17
       11370.000   5.2909523e-16   2.7908974e-17
       11380.000   5.2185642e-16   2.8007791e-17
       11390.000   5.2224155e-16   2.8076385e-17
       11400.000   5.2262667e-16   2.8144979e-17
       11410.000   5.2301179e-16   2.8213574e-17
       11420.000   5.3538808e-16   2.8130293e-17
       11430.000   5.6366090e-16   2.7845674e-17
       11440.000   5.9193372e-16   2.7561055e-17
       11450.000   6.2020654e-16   2.7276436e-17
       11460.000   6.4134850e-16   2.7078228e-17
       11470.000   6.3721123e-16   2.7186353e-17
       11480.000   6.3307395e-16   2.7294478e-17
       11490.000   6.2893667e-16   2.7402603e-17
       11500.000   6.2479940e-16   2.7510728e-17
       11510.000   6.2368647e-16   2.7069767e-17
       11520.000   6.2257354e-16   2.6628806e-17
       11530.000   6.2146061e-16   2.6187844e-17
       11540.000   6.2034769e-16   2.5746883e-17
       11550.000   6.2360753e-16   2.5678916e-17
       11560.000   6.2810086e-16   2.5716165e-17
       11570.000   6.3259420e-16   2.5753413e-17
       11580.000   6.3708753e-16   2.5790662e-17
       11590.000   6.3477598e-16   2.5520580e-17
       11600.000   6.2689681e-16   2.4999046e-17
       11610.000   6.1901764e-16   2.4477511e-17
       11620.000   6.1113847e-16   2.3955977e-17
       11630.000   6.0531270e-16   2.3457648e-17
       11640.000   6.0385200e-16   2.3008647e-17
       11650.000   6.0239130e-16   2.2559646e-17
       11660.000   6.0093060e-16   2.2110644e-17
       11670.000   5.9925069e-16   2.1657013e-17
       11680.000   5.9505249e-16   2.1150194e-17
       11690.000   5.9085429e-16   2.0643374e-17
       11700.000   5.8665608e-16   2.0136555e-17
       11710.000   5.8245788e-16   1.9629735e-17
       11720.000   5.8553136e-16   1.9336103e-17
       11730.000   5.9009442e-16   1.9086142e-17
       11740.000   5.9465747e-16   1.8836181e-17
       11750.000   5.9922053e-16   1.8586220e-17
       11760.000   5.9867128e-16   1.8345912e-17
       11770.000   5.9441972e-16   1.8112594e-17
       11780.000   5.9016815e-16   1.7879276e-17
       11790.000   5.8591659e-16   1.7645958e-17
       11800.000   5.8777419e-16   1.7466083e-17
       11810.000   6.0203635e-16   1.7394723e-17
       11820.000   6.1629851e-16   1.7323363e-17
       11830.000   6.3056067e-16   1.7252003e-17
       11840.000   6.4453219e-16   1.7187720e-17
       11850.000   6.5463775e-16   1.7217583e-17
       11860.000   6.6474331e-16   1.7247445e-17
       11870.000   6.7484887e-16   1.7277308e-17
       11880.000   6.8495444e-16   1.7307171e-17
       11890.000   6.8854367e-16   1.7620191e-17
       11900.000   6.9050382e-16   1.8004000e-17
       11910.000   6.9246398e-16   1.8387809e-17
       11920.000   6.9442413e-16   1.8771619e-17
       11930.000   6.9304067e-16   1.9087145e-17
       11940.000   6.8880941e-16   1.9344512e-17
       11950.000   6.8457814e-16   1.9601880e-17
       11960.000   6.8034688e-16   1.9859247e-17
       11970.000   6.8124035e-16   2.0081629e-17
       11980.000   6.9672255e-16   2.0204415e-17
       11990.000   7.1220476e-16   2.0327201e-17
