       3000.0000   5.9737275e-14       0.0000000
       3010.0000   6.1230018e-14       0.0000000
       3020.0000   6.2746354e-14       0.0000000
       3030.0000   6.4286347e-14       0.0000000
       3040.0000   6.5850056e-14       0.0000000
       3050.0000   6.7437536e-14       0.0000000
       3060.0000   6.9048835e-14       0.0000000
       3070.0000   7.0683998e-14       0.0000000
       3080.0000   7.2343062e-14       0.0000000
       3090.0000   7.4026061e-14       0.0000000
       3100.0000   7.5733022e-14       0.0000000
       3110.0000   7.7463970e-14       0.0000000
       3120.0000   7.9218921e-14       0.0000000
       3130.0000   8.0997888e-14       0.0000000
       3140.0000   8.2800879e-14       0.0000000
       3150.0000   8.4627896e-14       0.0000000
       3160.0000   8.6478936e-14       0.0000000
       3170.0000   8.8353991e-14       0.0000000
       3180.0000   9.0253049e-14       0.0000000
       3190.0000   9.2176091e-14       0.0000000
       3200.0000   9.4123093e-14       0.0000000
       3210.0000   9.6094030e-14       0.0000000
       3220.0000   9.8088866e-14       0.0000000
       3230.0000   1.0010756e-13       0.0000000
       3240.0000   1.0215008e-13       0.0000000
       3250.0000   1.0421637e-13       0.0000000
       3260.0000   1.0630638e-13       0.0000000
       3270.0000   1.0842005e-13       0.0000000
       3280.0000   1.1055732e-13       0.0000000
       3290.0000   1.1271812e-13       0.0000000
       3300.0000   1.1490239e-13       0.0000000
       3310.0000   1.1711004e-13       0.0000000
       3320.0000   1.1934099e-13       0.0000000
       3330.0000   1.2159517e-13       0.0000000
       3340.0000   1.2387247e-13       0.0000000
       3350.0000   1.2617281e-13       0.0000000
       3360.0000   1.2849608e-13       0.0000000
       3370.0000   1.3084219e-13       0.0000000
       3380.0000   1.3321103e-13       0.0000000
       3390.0000   1.3560249e-13       0.0000000
       3400.0000   1.3801644e-13       0.0000000
       3410.0000   1.4045277e-13       0.0000000
       3420.0000   1.4291137e-13       0.0000000
       3430.0000   1.4539209e-13       0.0000000
       3440.0000   1.4789481e-13       0.0000000
       3450.0000   1.5041939e-13       0.0000000
       3460.0000   1.5296570e-13       0.0000000
       3470.0000   1.5553358e-13       0.0000000
       3480.0000   1.5812290e-13       0.0000000
       3490.0000   1.6073350e-13       0.0000000
       3500.0000   1.6336523e-13       0.0000000
       3510.0000   1.6601794e-13       0.0000000
       3520.0000   1.6869145e-13       0.0000000
       3530.0000   1.7138562e-13       0.0000000
       3540.0000   1.7410026e-13       0.0000000
       3550.0000   1.7683521e-13       0.0000000
       3560.0000   1.7959029e-13       0.0000000
       3570.0000   1.8236534e-13       0.0000000
       3580.0000   1.8516016e-13       0.0000000
       3590.0000   1.8797457e-13       0.0000000
       3600.0000   1.9080840e-13       0.0000000
       3610.0000   1.9366144e-13       0.0000000
       3620.0000   1.9653352e-13       0.0000000
       3630.0000   1.9942443e-13       0.0000000
       3640.0000   2.0233397e-13       0.0000000
       3650.0000   2.0526196e-13       0.0000000
       3660.0000   2.0820818e-13       0.0000000
       3670.0000   2.1117243e-13       0.0000000
       3680.0000   2.1415451e-13       0.0000000
       3690.0000   2.1715420e-13       0.0000000
       3700.0000   2.2017130e-13       0.0000000
       3710.0000   2.2320559e-13       0.0000000
       3720.0000   2.2625686e-13       0.0000000
       3730.0000   2.2932488e-13       0.0000000
       3740.0000   2.3240945e-13       0.0000000
       3750.0000   2.3551033e-13       0.0000000
       3760.0000   2.3862730e-13       0.0000000
       3770.0000   2.4176015e-13       0.0000000
       3780.0000   2.4490864e-13       0.0000000
       3790.0000   2.4807254e-13       0.0000000
       3800.0000   2.5125162e-13       0.0000000
       3810.0000   2.5444566e-13       0.0000000
       3820.0000   2.5765442e-13       0.0000000
       3830.0000   2.3370270e-13   1.0061200e-14
       3840.0000   1.7589297e-13   8.9453001e-15
       3850.0000   2.4392032e-13   8.9909197e-15
       3860.0000   1.7001313e-13   7.9904075e-15
       3870.0000   3.0449376e-13   7.7584181e-15
       3880.0000   2.9049766e-13   7.8424843e-15
       3890.0000   2.9838745e-13   7.7739746e-15
       3900.0000   2.6532514e-13   7.5058277e-15
       3910.0000   3.4314505e-13   7.8220041e-15
       3920.0000   2.4415212e-13   6.9792242e-15
       3930.0000   1.7617052e-13   6.4159927e-15
       3940.0000   2.7060147e-13   6.9419905e-15
       3950.0000   3.3480666e-13   7.1234558e-15
       3960.0000   1.9637767e-13   7.0395043e-15
       3970.0000   2.2443641e-13   6.5213710e-15
       3980.0000   4.0765273e-13   6.5838473e-15
       3990.0000   4.0594843e-13   6.0969772e-15
       4000.0000   4.7552439e-13   6.0317332e-15
       4010.0000   5.0087898e-13   6.0461833e-15
       4020.0000   5.3571658e-13   6.0394117e-15
       4030.0000   3.8416635e-13   5.7084051e-15
       4040.0000   5.6389315e-13   5.9177434e-15
       4050.0000   5.8591846e-13   6.1876388e-15
       4060.0000   5.6202955e-13   5.9028265e-15
       4070.0000   5.0157667e-13   5.8057029e-15
       4080.0000   5.8735270e-13   5.8386098e-15
       4090.0000   6.8820979e-13   5.6017641e-15
       4100.0000   5.0632909e-13   5.3252020e-15
       4110.0000   5.5411213e-13   5.3517119e-15
       4120.0000   6.1194423e-13   5.3034216e-15
       4130.0000   5.7034093e-13   5.2715610e-15
       4140.0000   6.6384767e-13   5.2113062e-15
       4150.0000   6.3947982e-13   5.0597999e-15
       4160.0000   7.0205525e-13   5.0897723e-15
       4170.0000   6.1629987e-13   5.0830989e-15
       4180.0000   7.2020558e-13   4.9923383e-15
       4190.0000   6.3877712e-13   4.8798483e-15
       4200.0000   5.2606370e-13   4.6848622e-15
       4210.0000   6.4817308e-13   4.8037654e-15
       4220.0000   4.7611726e-13   4.6198958e-15
       4230.0000   3.1042914e-13   4.4378381e-15
       4240.0000   5.6311823e-13   4.5049128e-15
       4250.0000   4.9432909e-13   4.5227818e-15
       4260.0000   5.0246756e-13   4.4682081e-15
       4270.0000   5.3947024e-13   4.4195934e-15
       4280.0000   6.7521005e-13   4.5705198e-15
       4290.0000   3.8134730e-13   4.3036090e-15
       4300.0000   4.9746712e-13   4.1957974e-15
       4310.0000   6.7160326e-13   4.3516335e-15
       4320.0000   8.3139723e-13   4.6695392e-15
       4330.0000   9.0893614e-13   4.5567862e-15
       4340.0000   7.8764869e-13   4.4125890e-15
       4350.0000   9.1096834e-13   4.6269422e-15
       4360.0000   8.9512871e-13   5.6368218e-15
       4370.0000   9.2420295e-13   4.5480610e-15
       4380.0000   7.8431807e-13   4.4233487e-15
       4390.0000   8.3857230e-13   4.3729097e-15
       4400.0000   9.3876630e-13   4.3929254e-15
       4410.0000   1.0361972e-12   4.4804170e-15
       4420.0000   1.1011714e-12   4.5518645e-15
       4430.0000   9.8720123e-13   4.3643645e-15
       4440.0000   1.1378082e-12   4.4312931e-15
       4450.0000   1.1059386e-12   4.3817463e-15
       4460.0000   8.6435601e-13   4.1004806e-15
       4470.0000   1.1329383e-12   4.2121382e-15
       4480.0000   1.1183547e-12   4.1984339e-15
       4490.0000   1.1388540e-12   4.3141209e-15
       4500.0000   1.3009968e-12   4.3143531e-15
       4510.0000   1.3529792e-12   4.3363839e-15
       4520.0000   1.3544322e-12   4.3364126e-15
       4530.0000   1.0987712e-12   4.1665288e-15
       4540.0000   1.3141526e-12   4.3174137e-15
       4550.0000   1.3129871e-12   4.2567244e-15
       4560.0000   1.4756267e-12   4.2918952e-15
       4570.0000   1.3756546e-12   4.1668697e-15
       4580.0000   1.2455237e-12   4.1303715e-15
       4590.0000   1.4964412e-12   4.2054772e-15
       4600.0000   1.3840767e-12   4.0945451e-15
       4610.0000   1.6153352e-12   4.2392424e-15
       4620.0000   1.5703026e-12   4.1755054e-15
       4630.0000   1.5417929e-12   4.1406761e-15
       4640.0000   1.4060346e-12   4.0650360e-15
       4650.0000   1.4620173e-12   4.0885340e-15
       4660.0000   1.6990616e-12   4.3092150e-15
       4670.0000   1.5026538e-12   4.2220266e-15
       4680.0000   1.4275388e-12   4.0729484e-15
       4690.0000   1.4847609e-12   4.0900354e-15
       4700.0000   1.4699277e-12   4.0301066e-15
       4710.0000   1.4416711e-12   4.1319654e-15
       4720.0000   1.5628957e-12   4.0913327e-15
       4730.0000   1.4270916e-12   3.9867565e-15
       4740.0000   1.4395380e-12   4.0009921e-15
       4750.0000   1.4894405e-12   3.9302208e-15
       4760.0000   1.3293776e-12   3.7624663e-15
       4770.0000   1.2053787e-12   3.6948938e-15
       4780.0000   1.0828448e-12   3.6625191e-15
       4790.0000   1.2510621e-12   3.6974877e-15
       4800.0000   1.3264188e-12   3.7516488e-15
       4810.0000   1.4045324e-12   3.8234889e-15
       4820.0000   1.4078689e-12   3.8791696e-15
       4830.0000   1.2984075e-12   3.8461473e-15
       4840.0000   1.3706687e-12   3.9083342e-15
       4850.0000   1.4859850e-12   3.9465781e-15
       4860.0000   1.3209550e-12   3.7663579e-15
       4870.0000   1.3264561e-12   3.7748642e-15
       4880.0000   1.4547108e-12   3.9003743e-15
       4890.0000   1.2596461e-12   3.7002375e-15
       4900.0000   1.4884567e-12   3.7850316e-15
       4910.0000   1.5541485e-12   3.7440737e-15
       4920.0000   1.1352315e-12   3.4607035e-15
       4930.0000   1.6629579e-12   3.7911036e-15
       4940.0000   1.4250423e-12   3.6276515e-15
       4950.0000   1.6759868e-12   3.7609009e-15
       4960.0000   1.4227786e-12   3.5966810e-15
       4970.0000   1.4283020e-12   3.6771937e-15
       4980.0000   1.3386322e-12   3.7532916e-15
       4990.0000   1.2464976e-12   3.6459463e-15
       5000.0000   1.1605506e-12   3.4146834e-15
       5010.0000   1.3584441e-12   3.4791235e-15
       5020.0000   1.3498631e-12   3.4689986e-15
       5030.0000   1.3761201e-12   3.4551316e-15
       5040.0000   1.0679571e-12   3.2662333e-15
       5050.0000   1.1773143e-12   3.3585648e-15
       5060.0000   1.3686380e-12   3.4576380e-15
       5070.0000   1.2111193e-12   3.3960526e-15
       5080.0000   1.1826550e-12   3.3304746e-15
       5090.0000   1.2025975e-12   3.3445647e-15
       5100.0000   1.1148346e-12   3.3237429e-15
       5110.0000   1.1881535e-12   3.2679460e-15
       5120.0000   1.1976750e-12   3.3066601e-15
       5130.0000   1.0844326e-12   3.2385676e-15
       5140.0000   1.2301265e-12   3.2880333e-15
       5150.0000   1.1811637e-12   3.3332064e-15
       5160.0000   1.4477231e-12   3.4259449e-15
       5170.0000   9.5452396e-13   3.0552703e-15
       5180.0000   9.6063326e-13   3.1077437e-15
       5190.0000   1.3484034e-12   3.3628657e-15
       5200.0000   1.4323079e-12   3.6405575e-15
       5210.0000   9.4972707e-13   3.1500959e-15
       5220.0000   1.8028790e-12   3.5973962e-15
       5230.0000   1.7335748e-12   3.5296040e-15
       5240.0000   1.7753225e-12   3.6174861e-15
       5250.0000   1.6379299e-12   3.4814096e-15
       5260.0000   1.7404473e-12   3.5226098e-15
       5270.0000   1.0792797e-12   3.1368592e-15
       5280.0000   1.8000412e-12   3.5584561e-15
       5290.0000   1.8574368e-12   3.6004614e-15
       5300.0000   1.6685113e-12   3.4995745e-15
       5310.0000   1.9394108e-12   3.6448022e-15
       5320.0000   1.8684649e-12   3.6334370e-15
       5330.0000   1.5596960e-12   3.4357910e-15
       5340.0000   1.6627029e-12   3.4928027e-15
       5350.0000   1.8185727e-12   3.6217750e-15
       5360.0000   2.0519583e-12   3.6975783e-15
       5370.0000   1.6000426e-12   3.3888774e-15
       5380.0000   2.1308423e-12   3.7039579e-15
       5390.0000   1.9846649e-12   3.6243486e-15
       5400.0000   1.9970185e-12   3.6127660e-15
       5410.0000   1.6495280e-12   3.4230918e-15
       5420.0000   2.0522846e-12   3.6559305e-15
       5430.0000   1.6796162e-12   3.4682215e-15
       5440.0000   2.1407721e-12   3.7356959e-15
       5450.0000   1.9354176e-12   3.6014222e-15
       5460.0000   1.9747943e-12   4.7318860e-15
       5470.0000   1.9737310e-12   3.6532584e-15
       5480.0000   1.9973233e-12   3.6595467e-15
       5490.0000   2.0788236e-12   3.7076400e-15
       5500.0000   1.9774409e-12   3.6354893e-15
       5510.0000   2.0250247e-12   3.6730689e-15
       5520.0000   2.1221695e-12   3.7590369e-15
       5530.0000   2.1030797e-12   3.7273410e-15
       5540.0000   2.1886547e-12   3.7344628e-15
       5550.0000   2.1659552e-12   3.7664817e-15
       5560.0000   2.1847097e-12   3.7546906e-15
       5570.0000   1.9941289e-12   3.7021727e-15
       5580.0000   1.9946864e-12   9.1631963e-15
       5590.0000   1.8158054e-12   3.5647074e-15
       5600.0000   1.8522767e-12   3.5344716e-15
       5610.0000   2.1998967e-12   3.7158979e-15
       5620.0000   2.0198008e-12   3.6417617e-15
       5630.0000   2.1341533e-12   3.7323149e-15
       5640.0000   2.2069495e-12   3.8023016e-15
       5650.0000   2.2374991e-12   3.7891832e-15
       5660.0000   2.1476578e-12   3.7363213e-15
       5670.0000   2.1650000e-12   3.8840546e-15
       5680.0000   2.2543194e-12   3.9697878e-15
       5690.0000   2.2239472e-12   4.3076143e-15
       5700.0000   2.2106102e-12   3.9580968e-15
       5710.0000   2.1237647e-12   3.8275256e-15
       5720.0000   2.3611030e-12   3.9719641e-15
       5730.0000   2.3375369e-12   3.9313560e-15
       5740.0000   2.3940899e-12   3.9943619e-15
       5750.0000   2.4423258e-12   4.0728597e-15
       5760.0000   2.4113998e-12   4.1180591e-15
       5770.0000   2.4437574e-12   4.6030154e-15
       5780.0000   2.3148323e-12   4.1610588e-15
       5790.0000   2.3333157e-12   4.6635657e-15
       5800.0000   2.5084755e-12   4.4507414e-15
       5810.0000   2.4950906e-12   4.6361537e-15
       5820.0000   2.4589181e-12   4.5960756e-15
       5830.0000   2.4552671e-12   4.6399167e-15
       5840.0000   2.4718092e-12   4.5646310e-15
       5850.0000   2.4002495e-12   4.4192920e-15
       5860.0000   2.3287042e-12   4.2704322e-15
       5870.0000   2.3660902e-12   4.2820635e-15
       5880.0000   2.1191155e-12   3.8856328e-15
       5890.0000   8.0843608e-13   7.3691394e-15
       5900.0000   1.7414425e-12   3.6726498e-15
       5910.0000   2.2727932e-12   3.7064256e-15
       5920.0000   2.2700213e-12   3.6452328e-15
       5930.0000   2.3054307e-12   3.6447113e-15
       5940.0000   2.3546530e-12   3.5358319e-15
       5950.0000   2.3411724e-12   3.5102567e-15
       5960.0000   2.3820924e-12   3.4758539e-15
       5970.0000   2.4193219e-12   3.4970671e-15
       5980.0000   2.3787443e-12   3.4356679e-15
       5990.0000   2.4355179e-12   3.3875951e-15
       6000.0000   2.4228326e-12   3.3903938e-15
       6010.0000   2.4466438e-12   3.3698125e-15
       6020.0000   2.4089654e-12   3.2985966e-15
       6030.0000   2.5442851e-12   3.3735362e-15
       6040.0000   2.5076450e-12   3.3102763e-15
       6050.0000   2.6040263e-12   3.3816826e-15
       6060.0000   2.5972909e-12   3.3605776e-15
       6070.0000   2.6471677e-12   3.3776559e-15
       6080.0000   2.5313560e-12   3.2794278e-15
       6090.0000   2.5088938e-12   3.2561766e-15
       6100.0000   2.4880829e-12   3.2152919e-15
       6110.0000   2.5771409e-12   3.2640877e-15
       6120.0000   2.2232003e-12   3.0374245e-15
       6130.0000   2.6472076e-12   3.3277917e-15
       6140.0000   2.5483263e-12   3.3081172e-15
       6150.0000   2.5087617e-12   3.3326745e-15
       6160.0000   1.9738212e-12   3.1035000e-15
       6170.0000   2.0340542e-12   3.1819710e-15
       6180.0000   2.4225797e-12   3.2493156e-15
       6190.0000   2.1768661e-12   3.1116131e-15
       6200.0000   2.2684721e-12   3.1738565e-15
       6210.0000   2.3373941e-12   3.1888391e-15
       6220.0000   2.1706055e-12   3.0723068e-15
       6230.0000   2.0455661e-12   2.9161136e-15
       6240.0000   2.1185564e-12   3.1332095e-15
       6250.0000   2.2482765e-12   2.9546921e-15
       6260.0000   2.0893610e-12   3.0205556e-15
       6270.0000   2.3116137e-12   2.9205412e-15
       6280.0000   2.2468645e-12   2.8396514e-15
       6290.0000   2.4270715e-12   3.0170962e-15
       6300.0000   2.3948032e-12   6.0304941e-15
       6310.0000   2.4931915e-12   3.0244986e-15
       6320.0000   2.4960551e-12   3.0258734e-15
       6330.0000   2.5426714e-12   3.2290037e-15
       6340.0000   2.6004349e-12   3.0069962e-15
       6350.0000   2.6438345e-12   3.0869919e-15
       6360.0000   2.4190620e-12   3.0468083e-15
       6370.0000   2.5259691e-12   2.9574450e-15
       6380.0000   2.3088848e-12   2.8672694e-15
       6390.0000   2.4085938e-12   2.8735565e-15
       6400.0000   2.4149969e-12   2.8777934e-15
       6410.0000   2.5943786e-12   2.9652612e-15
       6420.0000   2.5375333e-12   2.9601163e-15
       6430.0000   2.5924900e-12   2.9395733e-15
       6440.0000   2.3960936e-12   2.7952701e-15
       6450.0000   2.4782727e-12   2.8660845e-15
       6460.0000   2.6579023e-12   2.9777462e-15
       6470.0000   2.7101251e-12   3.1625433e-15
       6480.0000   2.7646762e-12   3.0468982e-15
       6490.0000   2.7622332e-12   3.0152655e-15
       6500.0000   2.5830795e-12   3.1713743e-15
       6510.0000   2.7930709e-12   3.0710891e-15
       6520.0000   2.8050969e-12   3.0944429e-15
       6530.0000   2.8379412e-12   3.1674161e-15
       6540.0000   2.8931131e-12   3.1661573e-15
       6550.0000   2.7964059e-12   3.1296409e-15
       6560.0000   2.7500431e-12   3.0633956e-15
       6570.0000   2.7131047e-12   3.0910257e-15
       6580.0000   2.7484266e-12   3.1142119e-15
       6590.0000   2.7939047e-12   3.0596322e-15
       6600.0000   2.7728722e-12   3.0604494e-15
       6610.0000   2.7522969e-12   2.9967598e-15
       6620.0000   2.7813964e-12   3.0061611e-15
       6630.0000   2.7362426e-12   2.9684175e-15
       6640.0000   2.7534682e-12   2.9577684e-15
       6650.0000   2.7022958e-12   2.9100669e-15
       6660.0000   2.6624597e-12   2.8748959e-15
       6670.0000   2.7338194e-12   2.9027197e-15
       6680.0000   2.5560512e-12   2.7719218e-15
       6690.0000   2.6037298e-12   2.7915503e-15
       6700.0000   2.6075611e-12   2.8366213e-15
       6710.0000   2.6179525e-12   2.8162967e-15
       6720.0000   2.4364707e-12   2.6957864e-15
       6730.0000   2.5220015e-12   2.7544401e-15
       6740.0000   2.5263155e-12   2.7629696e-15
       6750.0000   2.4138417e-12   2.6845312e-15
       6760.0000   2.5041117e-12   2.7505902e-15
       6770.0000   2.4656998e-12   2.7364559e-15
       6780.0000   2.4782484e-12   2.7316983e-15
       6790.0000   2.4181567e-12   2.7072626e-15
       6800.0000   2.4319823e-12   2.7062222e-15
       6810.0000   2.3974609e-12   2.6866316e-15
       6820.0000   2.3895478e-12   2.6682333e-15
       6830.0000   2.3881891e-12   3.1670899e-15
       6840.0000   2.3515596e-12   2.7421721e-15
       6850.0000   2.3397513e-12   2.6543349e-15
       6860.0000   2.2838752e-12   2.7027591e-15
       6870.0000   2.2951761e-12   3.1351780e-15
       6880.0000   2.3589770e-12   2.8167422e-15
       6890.0000   2.3997917e-12   2.9802950e-15
       6900.0000   2.3150550e-12   2.8727473e-15
       6910.0000   2.4809887e-12   2.8662618e-15
       6920.0000   2.3750566e-12   2.7836393e-15
       6930.0000   2.6395158e-12   2.8460244e-15
       6940.0000   2.6461820e-12   3.0853233e-15
       6950.0000   2.7467436e-12   3.4068425e-15
       6960.0000   2.6410303e-12   2.8362573e-15
       6970.0000   2.6979533e-12   3.0064181e-15
       6980.0000   2.5720387e-12   3.0491443e-15
       6990.0000   2.6717796e-12   2.8707874e-15
       7000.0000   2.7140866e-12   2.9150860e-15
       7010.0000   2.7485741e-12   3.0288472e-15
       7020.0000   2.7973522e-12   2.9718210e-15
       7030.0000   2.8772456e-12   2.9885825e-15
       7040.0000   2.8876961e-12   3.0420371e-15
       7050.0000   2.9797314e-12   3.1448584e-15
       7060.0000   2.7003713e-12   2.8815342e-15
       7070.0000   2.7671629e-12   2.9235498e-15
       7080.0000   2.8073103e-12   2.9509367e-15
       7090.0000   2.5575506e-12   2.8053394e-15
       7100.0000   2.6373170e-12   2.8010559e-15
       7110.0000   2.6682576e-12   2.8020402e-15
       7120.0000   2.7343265e-12   2.8374188e-15
       7130.0000   2.4763095e-12   2.7071219e-15
       7140.0000   2.4853364e-12   2.6927882e-15
       7150.0000   2.4504430e-12   2.7043022e-15
       7160.0000   2.5790437e-12   2.7450831e-15
       7170.0000   2.6379711e-12   2.8323992e-15
       7180.0000   2.6479320e-12   2.8485627e-15
       7190.0000   2.6428996e-12   2.8521509e-15
       7200.0000   2.5816576e-12   2.8449416e-15
       7210.0000   2.5380919e-12   2.7752672e-15
       7220.0000   2.7512992e-12   2.9195075e-15
       7230.0000   2.7500089e-12   2.9582220e-15
       7240.0000   2.7585424e-12   4.1171135e-15
       7250.0000   2.8197163e-12   3.1810493e-15
       7260.0000   2.8124177e-12   3.0645720e-15
       7270.0000   2.8503362e-12   3.1248891e-15
       7280.0000   2.9005770e-12   3.4611828e-15
       7290.0000   2.8932418e-12   3.2054065e-15
       7300.0000   2.9284184e-12   3.1949981e-15
       7310.0000   2.9177652e-12   3.1982150e-15
       7320.0000   2.9696100e-12   3.3729633e-15
       7330.0000   2.9792665e-12   3.7050273e-15
       7340.0000   3.0133299e-12   4.4851635e-15
       7350.0000   2.9609411e-12   3.1765588e-15
       7360.0000   2.9192333e-12   3.5324586e-15
       7370.0000   3.0329779e-12   4.2795724e-15
       7380.0000   3.0544021e-12   3.1910411e-15
       7390.0000   2.9529975e-12   3.3515107e-15
       7400.0000   2.9077992e-12   3.5573974e-15
       7410.0000   2.9637365e-12   3.1085251e-15
       7420.0000   3.0005270e-12   3.1118563e-15
       7430.0000   3.0584379e-12   3.3310450e-15
       7440.0000   3.0231336e-12   3.4022745e-15
       7450.0000   3.0540302e-12   3.1098104e-15
       7460.0000   2.9929876e-12   3.1253499e-15
       7470.0000   3.0657711e-12   3.3418691e-15
       7480.0000   3.0794642e-12   3.4387672e-15
       7490.0000   3.0060550e-12   3.1049159e-15
       7500.0000   3.1025492e-12   3.1526019e-15
       7510.0000   2.9724331e-12   3.0527438e-15
       7520.0000   3.1008482e-12   3.2775044e-15
       7530.0000   3.0415736e-12   3.3392058e-15
       7540.0000   3.1086595e-12   3.2169600e-15
       7550.0000   3.1158482e-12   3.1601675e-15
       7560.0000   3.1172471e-12   3.2594179e-15
       7570.0000   3.0692420e-12   3.5114989e-15
       7580.0000   3.1107645e-12   3.1575318e-15
       7590.0000   3.0125046e-12   3.1446999e-15
       7600.0000   3.0544974e-12   5.7126910e-15
       7610.0000   3.0211177e-12   4.9583955e-15
       7620.0000   3.0397958e-12   3.5883985e-15
       7630.0000   2.9876809e-12   4.5150116e-15
       7640.0000   2.9909346e-12   3.7476696e-15
       7650.0000   2.9534637e-12   3.4923050e-15
       7660.0000   2.8808011e-12   3.3639010e-15
       7670.0000   2.9481801e-12   3.1779796e-15
       7680.0000   2.9680989e-12   3.1568864e-15
       7690.0000   2.9354272e-12   3.1827938e-15
       7700.0000   2.6039283e-12   3.0836924e-15
       7710.0000   2.9238707e-12   3.6540557e-15
       7720.0000   2.9477110e-12   3.5833177e-15
       7730.0000   2.9701567e-12   3.2025982e-15
       7740.0000   2.9846244e-12   3.1815039e-15
       7750.0000   2.8598651e-12   5.0371704e-15
       7760.0000   2.9593247e-12   3.8489525e-15
       7770.0000   2.9603279e-12   3.2364641e-15
       7780.0000   2.9003702e-12   3.5716088e-15
       7790.0000   2.8995301e-12   3.3544536e-15
       7800.0000   2.9205401e-12   3.1426470e-15
       7810.0000   2.9580350e-12   3.7678530e-15
       7820.0000   2.9831801e-12   4.6492646e-15
       7830.0000   2.9012501e-12   3.1836907e-15
       7840.0000   2.9655519e-12   3.7552297e-15
       7850.0000   2.9739462e-12   3.9803023e-15
       7860.0000   2.9923968e-12   4.0119748e-15
       7870.0000   2.9817319e-12   4.3084386e-15
       7880.0000   2.9995065e-12   3.9019192e-15
       7890.0000   3.0034136e-12   4.5483364e-15
       7900.0000   2.9917296e-12   3.3082343e-15
       7910.0000   2.9631215e-12   3.8032235e-15
       7920.0000   2.9919713e-12   4.3329570e-15
       7930.0000   2.9853650e-12   3.9591440e-15
       7940.0000   2.9647511e-12   3.3019272e-15
       7950.0000   2.9759877e-12   3.8388528e-15
       7960.0000   2.9626422e-12   3.4071711e-15
       7970.0000   3.0355732e-12   3.4641428e-15
       7980.0000   2.9916322e-12   4.1281075e-15
       7990.0000   3.0433720e-12   3.9109783e-15
       8000.0000   2.9164253e-12   3.3328066e-15
       8010.0000   3.0142739e-12   3.4105340e-15
       8020.0000   3.0353070e-12   3.4804588e-15
       8030.0000   3.0082478e-12   3.6333409e-15
       8040.0000   3.0375194e-12   3.3698087e-15
       8050.0000   3.0432660e-12   3.5999447e-15
       8060.0000   3.0816706e-12   3.8342970e-15
       8070.0000   2.9801249e-12   3.3230707e-15
       8080.0000   3.0553302e-12   3.3954022e-15
       8090.0000   3.0703759e-12   3.4020972e-15
       8100.0000   3.0536104e-12   3.5422396e-15
       8110.0000   3.0465364e-12   3.3859843e-15
       8120.0000   3.0389622e-12   3.3764977e-15
       8130.0000   3.0351135e-12   3.4037428e-15
       8140.0000   3.0466162e-12   3.5391655e-15
       8150.0000   3.0335203e-12   3.5258123e-15
       8160.0000   2.9871555e-12   3.5093543e-15
       8170.0000   3.0036592e-12   3.4865223e-15
       8180.0000   2.9331661e-12   3.5861328e-15
       8190.0000   2.9897808e-12   3.6467907e-15
       8200.0000   2.9297852e-12   3.5516363e-15
       8210.0000   2.9828367e-12   3.4711796e-15
       8220.0000   2.8573884e-12   3.3945635e-15
       8230.0000   2.9928894e-12   3.6956068e-15
       8240.0000   3.0505586e-12   3.5551196e-15
       8250.0000   3.1346176e-12   3.6209853e-15
       8260.0000   3.0616846e-12   3.5455208e-15
       8270.0000   3.0955462e-12   3.6026740e-15
       8280.0000   2.9906426e-12   4.7866703e-15
       8290.0000   2.9616602e-12   4.8121907e-15
       8300.0000   3.0156494e-12   5.2975438e-15
       8310.0000   3.0129782e-12   4.2274352e-15
       8320.0000   2.8896175e-12   3.5564371e-15
       8330.0000   2.8737640e-12   3.4885204e-15
       8340.0000   2.9170634e-12   4.0832578e-15
       8350.0000   2.9534575e-12   4.4405261e-15
       8360.0000   2.9586935e-12   3.7239570e-15
       8370.0000   3.0001463e-12   3.6373074e-15
       8380.0000   2.8842576e-12   4.2320069e-15
       8390.0000   2.8254843e-12   3.5638624e-15
       8400.0000   2.9839163e-12   7.3027582e-15
       8410.0000   2.9041071e-12   3.6604607e-15
       8420.0000   2.9321555e-12   3.7525745e-15
       8430.0000   2.9918503e-12   7.9460601e-15
       8440.0000   2.8813165e-12   3.6214027e-15
       8450.0000   2.9044532e-12   4.4701689e-15
       8460.0000   2.9304214e-12   3.8386300e-15
       8470.0000   2.8082001e-12   3.9550469e-15
       8480.0000   2.9045062e-12   3.4990085e-15
       8490.0000   2.9311246e-12   3.7298624e-15
       8500.0000   2.6077953e-12   3.5222634e-15
       8510.0000   2.8950247e-12   3.6181526e-15
       8520.0000   2.8542879e-12   3.5438501e-15
       8530.0000   2.8780862e-12   3.5440307e-15
       8540.0000   2.1549207e-12   3.4812337e-15
       8550.0000   2.8049350e-12   4.6087818e-15
       8560.0000   2.8887317e-12   3.7935941e-15
       8570.0000   2.8992149e-12   3.8372362e-15
       8580.0000   2.8855194e-12   3.8074010e-15
       8590.0000   2.9120057e-12   4.0348167e-15
       8600.0000   2.8797326e-12   3.9840173e-15
       8610.0000   2.8509458e-12   4.0129814e-15
       8620.0000   2.8876452e-12   4.9653955e-15
       8630.0000   2.9126897e-12   5.5507745e-15
       8640.0000   2.9015093e-12   4.6382263e-15
       8650.0000   2.8761086e-12   5.1599990e-15
       8660.0000   2.2858881e-12   5.3068156e-15
       8670.0000   2.8382928e-12   5.1288160e-15
       8680.0000   2.8661977e-12   4.7343568e-15
       8690.0000   2.5615814e-12   4.0201748e-15
       8700.0000   2.8259912e-12   4.1734630e-15
       8710.0000   2.8108842e-12   4.0817238e-15
       8720.0000   2.8479922e-12   4.0144564e-15
       8730.0000   2.8587947e-12   4.0730437e-15
       8740.0000   2.8557587e-12   4.1438991e-15
       8750.0000   2.8597238e-12   4.1254037e-15
       8760.0000   2.9308464e-12   6.8125652e-15
       8770.0000   2.8500155e-12   6.2225817e-15
       8780.0000   2.8490153e-12   6.7884919e-15
       8790.0000   2.8725208e-12   5.5863875e-15
       8800.0000   2.8215439e-12   4.1392254e-15
       8810.0000   2.7663823e-12   4.3183891e-15
       8820.0000   2.8330367e-12   4.2807704e-15
       8830.0000   2.8803492e-12   8.2954574e-15
       8840.0000   2.8050198e-12   5.0272183e-15
       8850.0000   2.8643700e-12   5.2814269e-15
       8860.0000   2.8276491e-12   4.2735195e-15
       8870.0000   2.7909960e-12   5.7222584e-15
       8880.0000   2.8465462e-12   4.4608553e-15
       8890.0000   2.8733232e-12   5.6610737e-15
       8900.0000   2.8830248e-12   5.4003208e-15
       8910.0000   2.8692269e-12   4.5053674e-15
       8920.0000   2.9046914e-12   1.2982594e-14
       8930.0000   2.8249982e-12   4.4207267e-15
       8940.0000   2.8891105e-12   5.2546731e-15
       8950.0000   2.8285802e-12   4.4209815e-15
       8960.0000   2.8590277e-12   1.0126805e-14
       8970.0000   2.7601960e-12   4.4436814e-15
       8980.0000   2.7745860e-12   4.4651530e-15
       8990.0000   2.3577726e-12   5.6598306e-15
       9000.0000   2.5906900e-12   8.3414410e-15
       9010.0000   2.6232249e-12   4.3548220e-15
       9020.0000   2.7553434e-12   4.4516549e-15
       9030.0000   2.8532898e-12   4.5828977e-15
       9040.0000   2.9693193e-12   5.2938032e-15
       9050.0000   3.0152154e-12   6.8217802e-15
       9060.0000   2.8688619e-12   4.6134769e-15
       9070.0000   2.6466708e-12   4.6290611e-15
       9080.0000   2.6175229e-12   4.4811591e-15
       9090.0000   2.6330959e-12   4.7475733e-15
       9100.0000   2.6787788e-12   5.0849111e-15
       9110.0000   2.8826751e-12   4.7489999e-15
       9120.0000   2.7043651e-12   4.5938727e-15
       9130.0000   2.6155076e-12   4.5777109e-15
       9140.0000   2.8569476e-12   4.8596274e-15
       9150.0000   2.7552830e-12   5.1323321e-15
       9160.0000   2.8735603e-12   5.4282961e-15
       9170.0000   2.7936619e-12   4.9196725e-15
       9180.0000   2.8662955e-12   4.8542069e-15
       9190.0000   2.8900230e-12   3.9717109e-15
       9200.0000   2.8150469e-12   4.8974367e-15
       9210.0000   2.7772114e-12   4.8468980e-15
       9220.0000   2.8115069e-12   5.1094040e-15
       9230.0000   2.7906975e-12   5.3181751e-15
       9240.0000   2.8174233e-12   5.2394051e-15
       9250.0000   2.7714195e-12   5.0420598e-15
       9260.0000   2.6720009e-12   4.7874303e-15
       9270.0000   2.8434221e-12   5.0034492e-15
       9280.0000   2.7855275e-12   4.9766350e-15
       9290.0000   2.7396926e-12   5.0332110e-15
       9300.0000   2.7679630e-12   5.2329200e-15
       9310.0000   2.7524227e-12   5.3384902e-15
       9320.0000   2.7660537e-12   5.3207582e-15
       9330.0000   2.7656909e-12   4.8659446e-15
       9340.0000   2.7581990e-12   5.1497167e-15
       9350.0000   2.7418064e-12   5.5093797e-15
       9360.0000   2.6738321e-12   5.1838929e-15
       9370.0000   2.7354362e-12   4.9941052e-15
       9380.0000   2.7448846e-12   4.7260394e-15
       9390.0000   2.7455033e-12   4.4479825e-15
       9400.0000   2.7156523e-12   4.2678486e-15
       9410.0000   2.6802622e-12   4.1805292e-15
       9420.0000   2.6495427e-12   4.0669375e-15
       9430.0000   2.7115620e-12   4.9745921e-15
       9440.0000   2.6747875e-12   4.2173128e-15
       9450.0000   2.6328609e-12   4.1005166e-15
       9460.0000   2.6969856e-12   4.7978880e-15
       9470.0000   2.7157564e-12   4.1747828e-15
       9480.0000   2.7249172e-12   4.2136030e-15
       9490.0000   2.7258103e-12   4.2633088e-15
       9500.0000   2.7229759e-12   4.6610011e-15
       9510.0000   2.6869624e-12   3.9347717e-15
       9520.0000   2.6976585e-12   4.5301763e-15
       9530.0000   2.7124407e-12   4.2717976e-15
       9540.0000   2.7008652e-12   4.3724597e-15
       9550.0000   2.6332568e-12   4.7608134e-15
       9560.0000   2.6931392e-12   4.4555424e-15
       9570.0000   2.6902247e-12   4.4263246e-15
       9580.0000   2.6850621e-12   3.9004257e-15
       9590.0000   2.7069070e-12   3.8860880e-15
       9600.0000   2.6120078e-12   3.9263994e-15
       9610.0000   2.6824828e-12   3.9542870e-15
       9620.0000   2.6860176e-12   3.7606262e-15
       9630.0000   2.6581562e-12   3.9139866e-15
       9640.0000   2.4977010e-12   3.6759653e-15
       9650.0000   2.5676036e-12   3.6756090e-15
       9660.0000   2.6347122e-12   3.7335013e-15
       9670.0000   2.6265948e-12   3.6257305e-15
       9680.0000   2.5546695e-12   3.4141779e-15
       9690.0000   2.5789678e-12   3.4861456e-15
       9700.0000   2.6719529e-12   3.4534263e-15
       9710.0000   2.5684389e-12   3.3918455e-15
       9720.0000   2.6151900e-12   3.5331168e-15
       9730.0000   2.5214845e-12   3.3726357e-15
       9740.0000   2.5770319e-12   3.5338152e-15
       9750.0000   2.5913915e-12   3.4642880e-15
       9760.0000   2.6602037e-12   3.4785632e-15
       9770.0000   2.5812349e-12   3.4081659e-15
       9780.0000   2.6424377e-12   3.3943515e-15
       9790.0000   2.5096070e-12   3.2392094e-15
       9800.0000   2.6371322e-12   3.4504340e-15
       9810.0000   2.6456008e-12   3.3455250e-15
       9820.0000   2.6395852e-12   3.3126109e-15
       9830.0000   2.6301616e-12   3.4123330e-15
       9840.0000   2.6385438e-12   3.2765812e-15
       9850.0000   2.6401330e-12   3.3482852e-15
       9860.0000   2.6331977e-12   3.3325241e-15
       9870.0000   2.6232371e-12   3.2796412e-15
       9880.0000   2.6288728e-12   3.3181408e-15
       9890.0000   2.5997585e-12   3.2821422e-15
       9900.0000   2.5717219e-12   3.1745784e-15
       9910.0000   2.5215955e-12   3.1674508e-15
       9920.0000   2.5147179e-12   3.1201902e-15
       9930.0000   2.5113146e-12   3.1297831e-15
       9940.0000   2.5661085e-12   3.1923986e-15
       9950.0000   2.5585358e-12   3.1370207e-15
       9960.0000   2.5580421e-12   3.1550591e-15
       9970.0000   2.5708400e-12   3.1793621e-15
       9980.0000   2.5594124e-12   3.1292468e-15
       9990.0000   2.5495234e-12   3.1305107e-15
       10000.000   2.5362934e-12   3.1457801e-15
       10010.000   2.5178916e-12   3.0772234e-15
       10020.000   2.5708940e-12   3.2348900e-15
       10030.000   2.5554987e-12   3.1590688e-15
       10040.000   2.5195782e-12   3.2238039e-15
       10050.000   2.5341526e-12   3.4513570e-15
       10060.000   2.4821046e-12   3.2514757e-15
       10070.000   2.5307425e-12   3.1807445e-15
       10080.000   2.5645385e-12   3.1652834e-15
       10090.000   2.5474121e-12   3.0941226e-15
       10100.000   2.5702608e-12   3.1235281e-15
       10110.000   2.5514401e-12   3.1017469e-15
       10120.000   2.5249504e-12   3.0431682e-15
       10130.000   2.5316706e-12   3.0933550e-15
       10140.000   2.5202572e-12   3.2081925e-15
       10150.000   2.4769372e-12   3.0927064e-15
       10160.000   2.5083535e-12   3.0340001e-15
       10170.000   2.5040167e-12   3.0216112e-15
       10180.000   2.5237165e-12   3.0989338e-15
       10190.000   2.5066495e-12   3.0400798e-15
       10200.000   2.5037610e-12   3.0088721e-15
       10210.000   2.5159637e-12   3.2074475e-15
       10220.000   2.4232850e-12   3.0219190e-15
       10230.000   2.5062526e-12   3.0061983e-15
       10240.000   2.5171515e-12   3.0364360e-15
       10250.000   2.5066914e-12   3.0027659e-15
       10260.000   2.4843718e-12   3.0010123e-15
       10270.000   2.4984743e-12   3.0135119e-15
       10280.000   2.4817133e-12   2.9647113e-15
       10290.000   2.4889917e-12   3.0246742e-15
       10300.000   2.4839620e-12   2.9619571e-15
       10310.000   2.4838792e-12   2.9568257e-15
       10320.000   2.4801931e-12   2.9708234e-15
       10330.000   2.4331947e-12   3.0293331e-15
       10340.000   2.4321918e-12   3.0025407e-15
       10350.000   2.3605030e-12   2.9828170e-15
       10360.000   2.4775393e-12   3.0500477e-15
       10370.000   2.4698154e-12   3.0749106e-15
       10380.000   2.4327756e-12   3.0213363e-15
       10390.000   2.4656033e-12   3.0543789e-15
       10400.000   2.3491297e-12   2.9344386e-15
       10410.000   2.4706575e-12   3.0566230e-15
       10420.000   2.4606458e-12   3.0314758e-15
       10430.000   2.4264118e-12   2.9769998e-15
       10440.000   2.4566600e-12   3.0530227e-15
       10450.000   2.4578865e-12   3.0398087e-15
       10460.000   2.4524340e-12   3.0623824e-15
       10470.000   2.4028959e-12   3.0425496e-15
       10480.000   2.4416970e-12   3.0443459e-15
       10490.000   2.4209923e-12   3.0404742e-15
       10500.000   2.3699525e-12   2.9886468e-15
       10510.000   2.4282143e-12   3.0234032e-15
       10520.000   2.4154253e-12   3.0465426e-15
       10530.000   2.4333971e-12   3.0778842e-15
       10540.000   2.4285475e-12   3.0897248e-15
       10550.000   2.4281302e-12   3.0659297e-15
       10560.000   2.4022294e-12   3.0767593e-15
       10570.000   2.4056960e-12   3.0807390e-15
       10580.000   2.4114225e-12   3.0948708e-15
       10590.000   2.3175460e-12   3.0108566e-15
       10600.000   2.4098700e-12   3.1219474e-15
       10610.000   2.3484241e-12   3.0204007e-15
       10620.000   2.3940325e-12   3.0864688e-15
       10630.000   2.3937263e-12   3.0882372e-15
       10640.000   2.4108248e-12   3.0930945e-15
       10650.000   2.3816978e-12   3.0759530e-15
       10660.000   2.3506230e-12   3.0644424e-15
       10670.000   2.3534642e-12   3.0630409e-15
       10680.000   2.3547628e-12   3.0654361e-15
       10690.000   2.3318366e-12   3.0472843e-15
       10700.000   2.3567047e-12   3.0727361e-15
       10710.000   2.3639410e-12   3.0902035e-15
       10720.000   2.3796434e-12   3.1066001e-15
       10730.000   2.2656096e-12   3.0048746e-15
       10740.000   2.3647067e-12   3.0926446e-15
       10750.000   2.2949608e-12   3.0245742e-15
       10760.000   2.3610175e-12   3.1161519e-15
       10770.000   2.3615512e-12   3.1052744e-15
       10780.000   2.3228678e-12   3.1709540e-15
       10790.000   2.2693792e-12   3.0638867e-15
       10800.000   2.3440911e-12   3.1363541e-15
       10810.000   2.2890214e-12   3.1032159e-15
       10820.000   2.3033561e-12   3.1333103e-15
       10830.000   2.1465956e-12   2.9830714e-15
       10840.000   2.2950318e-12   3.1710305e-15
       10850.000   2.2993262e-12   3.1514384e-15
       10860.000   2.3320401e-12   3.2143509e-15
       10870.000   2.2210095e-12   3.0935169e-15
       10880.000   2.3038601e-12   3.2253689e-15
       10890.000   2.2898738e-12   3.2082184e-15
       10900.000   2.2753777e-12   3.2454474e-15
       10910.000   2.2705743e-12   3.2512552e-15
       10920.000   2.3012439e-12   3.3435791e-15
       10930.000   2.2660379e-12   3.4600077e-15
       10940.000   2.3241000e-12   3.9866850e-15
       10950.000   2.2901003e-12   3.5665267e-15
       10960.000   2.2286869e-12   3.4374305e-15
       10970.000   2.2014781e-12   3.2732286e-15
       10980.000   2.2323874e-12   3.3645784e-15
       10990.000   2.2703821e-12   3.3817853e-15
       11000.000   2.2626408e-12   3.4460546e-15
       11010.000   2.2706881e-12   3.4528040e-15
       11020.000   2.2024483e-12   3.3820523e-15
       11030.000   2.2599640e-12   3.4767744e-15
       11040.000   2.2620645e-12   3.4583804e-15
       11050.000   2.2584302e-12   3.4746458e-15
       11060.000   2.2456529e-12   3.5503763e-15
       11070.000   2.2492969e-12   3.4973041e-15
       11080.000   2.2588571e-12   3.6029071e-15
       11090.000   2.2501591e-12   3.6120609e-15
       11100.000   2.2614250e-12   3.6251940e-15
       11110.000   2.2529811e-12   3.7497093e-15
       11120.000   2.2167025e-12   3.5971250e-15
       11130.000   2.2498915e-12   3.8767214e-15
       11140.000   2.2446711e-12   4.0014786e-15
       11150.000   2.2208093e-12   3.9290908e-15
       11160.000   2.1961411e-12   3.8953506e-15
       11170.000   2.2354919e-12   4.9161849e-15
       11180.000   2.2441553e-12   3.9225370e-15
       11190.000   2.2093321e-12   3.1098105e-15
       11200.000   2.1885127e-12   2.9024474e-15
       11210.000   2.2339253e-12   2.7042496e-15
       11220.000   2.2282256e-12   3.4172012e-15
       11230.000   2.1960896e-12   3.5353368e-15
       11240.000   2.2125843e-12   3.3654176e-15
       11250.000   2.1882115e-12   2.8539799e-15
       11260.000   2.1366372e-12   3.6171628e-15
       11270.000   2.2242832e-12   2.7656905e-15
       11280.000   2.2000131e-12   3.3275522e-15
       11290.000   2.2175706e-12   3.0305656e-15
       11300.000   2.1614605e-12   3.3645346e-15
       11310.000   2.1986613e-12   2.6580400e-15
       11320.000   2.1979452e-12   2.5124365e-15
       11330.000   2.1886019e-12   2.6800356e-15
       11340.000   2.1587139e-12   3.3559052e-15
       11350.000   2.1375823e-12   5.8945460e-15
       11360.000   2.1587901e-12   3.0273675e-15
       11370.000   2.1859386e-12   2.5148569e-15
       11380.000   2.0424899e-12   2.4704246e-15
       11390.000   2.1056658e-12   2.5713040e-15
       11400.000   2.1277362e-12   2.7289368e-15
       11410.000   1.9904956e-12   2.5719165e-15
       11420.000   2.1613806e-12   2.6432460e-15
       11430.000   2.1583142e-12   2.4642204e-15
       11440.000   2.0922877e-12   2.6824438e-15
       11450.000   2.1433035e-12   2.8022954e-15
       11460.000   2.1518474e-12   2.6910456e-15
       11470.000   2.1549783e-12   3.0595141e-15
       11480.000   2.1484891e-12   2.6506010e-15
       11490.000   2.1080873e-12   2.5640645e-15
       11500.000   2.1392994e-12   2.9650774e-15
       11510.000   2.1413056e-12   2.5269027e-15
       11520.000   2.1374973e-12   2.4776874e-15
       11530.000   2.1334780e-12   2.6477245e-15
       11540.000   2.1430598e-12   2.6260237e-15
       11550.000   2.1437978e-12   2.3800243e-15
       11560.000   2.1383391e-12   2.5188536e-15
       11570.000   2.1317932e-12   2.3040109e-15
       11580.000   2.1294695e-12   2.4311879e-15
       11590.000   2.1157233e-12   2.3871442e-15
       11600.000   2.0769287e-12   2.2664964e-15
       11610.000   1.9623841e-12   2.1561951e-15
       11620.000   2.1107222e-12   2.2851995e-15
       11630.000   2.1166350e-12   2.1960974e-15
       11640.000   2.0198218e-12   2.1732391e-15
       11650.000   2.1153200e-12   2.2498331e-15
       11660.000   2.0849512e-12   2.2186146e-15
       11670.000   2.0875031e-12   2.2226585e-15
       11680.000   2.1041875e-12   2.1946692e-15
       11690.000   2.0202141e-12   2.0976607e-15
       11700.000   2.0958570e-12   2.1816741e-15
       11710.000   2.0992110e-12   2.1590123e-15
       11720.000   2.1035032e-12   2.1563068e-15
       11730.000   2.0976668e-12   2.1915226e-15
       11740.000   2.0923119e-12   2.2411310e-15
       11750.000   2.0871821e-12   2.1555351e-15
       11760.000   2.0650682e-12   2.1697685e-15
       11770.000   2.0343456e-12   2.1232502e-15
       11780.000   2.0216205e-12   2.2375295e-15
       11790.000   2.0489798e-12   2.1805394e-15
       11800.000   2.0379813e-12   2.2000126e-15
       11810.000   2.0772816e-12   2.2509949e-15
       11820.000   2.0531829e-12   2.3634330e-15
       11830.000   1.7071553e-12   1.8644086e-15
       11840.000   2.0238536e-12   2.1452422e-15
       11850.000   2.0565820e-12   2.1925634e-15
       11860.000   2.0648005e-12   2.1265111e-15
       11870.000   2.0543279e-12   2.1399591e-15
       11880.000   2.0180828e-12   2.1585175e-15
       11890.000   1.9347030e-12   2.0512843e-15
       11900.000   2.0244159e-12   2.0730442e-15
       11910.000   2.0484193e-12   2.1423957e-15
       11920.000   2.0567412e-12   2.3333393e-15
       11930.000   2.0497081e-12   2.0843167e-15
       11940.000   2.0367931e-12   2.0749846e-15
       11950.000   2.0056672e-12   2.0645417e-15
       11960.000   2.0045413e-12   2.0525804e-15
       11970.000   1.9960580e-12   2.0343331e-15
       11980.000   1.8968596e-12   1.9861459e-15
       11990.000   1.9104997e-12   2.0459084e-15
