       3000.0000   2.4920755e-14       0.0000000
       3010.0000   2.5577760e-14       0.0000000
       3020.0000   2.6246120e-14       0.0000000
       3030.0000   2.6925888e-14       0.0000000
       3040.0000   2.7617116e-14       0.0000000
       3050.0000   2.8319854e-14       0.0000000
       3060.0000   2.9034149e-14       0.0000000
       3070.0000   2.9760047e-14       0.0000000
       3080.0000   3.0497590e-14       0.0000000
       3090.0000   3.1246818e-14       0.0000000
       3100.0000   3.2007769e-14       0.0000000
       3110.0000   3.2780479e-14       0.0000000
       3120.0000   3.3564981e-14       0.0000000
       3130.0000   3.4361305e-14       0.0000000
       3140.0000   3.5169479e-14       0.0000000
       3150.0000   3.5989529e-14       0.0000000
       3160.0000   3.6821479e-14       0.0000000
       3170.0000   3.7665350e-14       0.0000000
       3180.0000   3.8521159e-14       0.0000000
       3190.0000   3.9388924e-14       0.0000000
       3200.0000   4.0268657e-14       0.0000000
       3210.0000   4.1160370e-14       0.0000000
       3220.0000   4.2064072e-14       0.0000000
       3230.0000   4.2979768e-14       0.0000000
       3240.0000   4.3907464e-14       0.0000000
       3250.0000   4.4847160e-14       0.0000000
       3260.0000   4.5798856e-14       0.0000000
       3270.0000   4.6762548e-14       0.0000000
       3280.0000   4.7738230e-14       0.0000000
       3290.0000   4.8725896e-14       0.0000000
       3300.0000   4.9725533e-14       0.0000000
       3310.0000   5.0737131e-14       0.0000000
       3320.0000   5.1760673e-14       0.0000000
       3330.0000   5.2796142e-14       0.0000000
       3340.0000   5.3843519e-14       0.0000000
       3350.0000   5.4902781e-14       0.0000000
       3360.0000   5.5973905e-14       0.0000000
       3370.0000   5.7056864e-14       0.0000000
       3380.0000   5.8151629e-14       0.0000000
       3390.0000   5.9258169e-14       0.0000000
       3400.0000   6.0376452e-14       0.0000000
       3410.0000   6.1506441e-14       0.0000000
       3420.0000   6.2648100e-14       0.0000000
       3430.0000   6.3801389e-14       0.0000000
       3440.0000   6.4966265e-14       0.0000000
       3450.0000   6.6142686e-14       0.0000000
       3460.0000   6.7330605e-14       0.0000000
       3470.0000   6.8529975e-14       0.0000000
       3480.0000   6.9740745e-14       0.0000000
       3490.0000   7.0962863e-14       0.0000000
       3500.0000   7.2196276e-14       0.0000000
       3510.0000   7.3440927e-14       0.0000000
       3520.0000   7.4696760e-14       0.0000000
       3530.0000   7.5963713e-14       0.0000000
       3540.0000   7.7241726e-14       0.0000000
       3550.0000   7.8530734e-14       0.0000000
       3560.0000   7.9830674e-14       0.0000000
       3570.0000   8.1141477e-14       0.0000000
       3580.0000   8.2463075e-14       0.0000000
       3590.0000   8.3795397e-14       0.0000000
       3600.0000   8.5138372e-14       0.0000000
       3610.0000   8.6491925e-14       0.0000000
       3620.0000   8.7855980e-14       0.0000000
       3630.0000   8.9230461e-14       0.0000000
       3640.0000   9.0615288e-14       0.0000000
       3650.0000   9.2010381e-14       0.0000000
       3660.0000   9.3415659e-14       0.0000000
       3670.0000   9.4831038e-14       0.0000000
       3680.0000   9.6256433e-14       0.0000000
       3690.0000   9.7691758e-14       0.0000000
       3700.0000   9.9136925e-14       0.0000000
       3710.0000   1.0059185e-13       0.0000000
       3720.0000   1.0205643e-13       0.0000000
       3730.0000   1.0353058e-13       0.0000000
       3740.0000   1.0501421e-13       0.0000000
       3750.0000   1.0650723e-13       0.0000000
       3760.0000   1.0800953e-13       0.0000000
       3770.0000   1.0952103e-13       0.0000000
       3780.0000   1.1104161e-13       0.0000000
       3790.0000   1.1257120e-13       0.0000000
       3800.0000   1.1410967e-13       0.0000000
       3810.0000   1.1565694e-13       0.0000000
       3820.0000   1.1721290e-13       0.0000000
       3830.0000   9.3596279e-14   1.5632159e-14
       3840.0000   7.5322889e-14   1.4472364e-14
       3850.0000   9.4706570e-14   1.3656626e-14
       3860.0000   6.9545927e-14   1.2523330e-14
       3870.0000   1.1997744e-13   1.3301447e-14
       3880.0000   1.2203618e-13   1.2258706e-14
       3890.0000   1.1833257e-13   1.2040983e-14
       3900.0000   1.0596478e-13   1.1797585e-14
       3910.0000   1.3828224e-13   1.2023276e-14
       3920.0000   1.0517674e-13   1.1032786e-14
       3930.0000   6.9263278e-14   1.0063948e-14
       3940.0000   1.2104026e-13   1.1340107e-14
       3950.0000   1.4626882e-13   1.1664165e-14
       3960.0000   8.0973733e-14   1.0463609e-14
       3970.0000   1.0205289e-13   9.3796484e-15
       3980.0000   1.7057146e-13   1.0225917e-14
       3990.0000   1.6278860e-13   9.5275345e-15
       4000.0000   1.9178135e-13   9.8413561e-15
       4010.0000   2.0248646e-13   9.5343667e-15
       4020.0000   2.0769570e-13   9.6165203e-15
       4030.0000   1.5627653e-13   9.1145329e-15
       4040.0000   2.2965413e-13   9.3405269e-15
       4050.0000   2.4028924e-13   9.5021637e-15
       4060.0000   2.3104247e-13   9.1945983e-15
       4070.0000   2.1541665e-13   8.8660706e-15
       4080.0000   2.2861320e-13   9.2466596e-15
       4090.0000   2.6632228e-13   8.5533721e-15
       4100.0000   2.0273312e-13   8.2043863e-15
       4110.0000   2.2416533e-13   8.3388859e-15
       4120.0000   2.4284563e-13   8.1319624e-15
       4130.0000   2.2799596e-13   7.9765175e-15
       4140.0000   2.6461679e-13   8.1800202e-15
       4150.0000   2.5688415e-13   7.7700965e-15
       4160.0000   2.8335672e-13   8.1922251e-15
       4170.0000   2.4776692e-13   8.1021717e-15
       4180.0000   2.7911342e-13   7.8926495e-15
       4190.0000   2.5727191e-13   7.4290708e-15
       4200.0000   2.2023973e-13   7.4057018e-15
       4210.0000   2.5139754e-13   7.4172114e-15
       4220.0000   1.6890068e-13   7.1464853e-15
       4230.0000   1.0670079e-13   7.0234113e-15
       4240.0000   2.0809940e-13   6.9490342e-15
       4250.0000   1.9661997e-13   6.8792183e-15
       4260.0000   2.0905910e-13   6.8312841e-15
       4270.0000   2.2499759e-13   6.6337591e-15
       4280.0000   2.7483438e-13   6.7555879e-15
       4290.0000   1.5490713e-13   6.4752971e-15
       4300.0000   2.1070170e-13   6.4005143e-15
       4310.0000   2.6760791e-13   6.6484765e-15
       4320.0000   3.1588355e-13   7.1335091e-15
       4330.0000   3.4720595e-13   7.2092640e-15
       4340.0000   3.2005724e-13   6.4551614e-15
       4350.0000   3.4784768e-13   6.7975301e-15
       4360.0000   3.3781846e-13   8.7208376e-15
       4370.0000   3.5253537e-13   6.6492694e-15
       4380.0000   3.1047055e-13   6.4307456e-15
       4390.0000   3.3680587e-13   6.5430849e-15
       4400.0000   3.7009426e-13   6.4105124e-15
       4410.0000   4.0579487e-13   6.6990604e-15
       4420.0000   4.2028647e-13   6.6512875e-15
       4430.0000   3.9360529e-13   6.5430060e-15
       4440.0000   4.4451578e-13   6.3109756e-15
       4450.0000   4.3950348e-13   6.4331230e-15
       4460.0000   3.6471215e-13   5.9520302e-15
       4470.0000   4.5958149e-13   6.0123620e-15
       4480.0000   4.5738060e-13   5.9698759e-15
       4490.0000   4.7474323e-13   5.9800472e-15
       4500.0000   5.2653131e-13   6.1033795e-15
       4510.0000   5.2705053e-13   6.2765040e-15
       4520.0000   5.4665089e-13   6.0548382e-15
       4530.0000   4.7048828e-13   6.0942378e-15
       4540.0000   5.4893419e-13   6.0631034e-15
       4550.0000   5.3549050e-13   5.9231770e-15
       4560.0000   6.0871526e-13   6.1909506e-15
       4570.0000   5.9209995e-13   5.8948889e-15
       4580.0000   5.1829646e-13   5.7788427e-15
       4590.0000   6.2281255e-13   5.7068598e-15
       4600.0000   5.8530846e-13   5.6924457e-15
       4610.0000   6.7421508e-13   5.7506543e-15
       4620.0000   6.6138421e-13   5.6710707e-15
       4630.0000   6.2877701e-13   5.7200474e-15
       4640.0000   5.7424256e-13   5.5784211e-15
       4650.0000   5.8882163e-13   5.5998701e-15
       4660.0000   7.0896003e-13   5.8119316e-15
       4670.0000   6.0903799e-13   5.7590099e-15
       4680.0000   5.9775335e-13   5.6144586e-15
       4690.0000   6.0750646e-13   5.6256235e-15
       4700.0000   6.3283405e-13   5.4674822e-15
       4710.0000   6.2006370e-13   5.5876488e-15
       4720.0000   6.4702394e-13   5.4379677e-15
       4730.0000   6.1207112e-13   5.3950569e-15
       4740.0000   6.0804877e-13   5.5955027e-15
       4750.0000   6.4048479e-13   5.5055180e-15
       4760.0000   5.5197581e-13   5.4121824e-15
       4770.0000   4.8300392e-13   5.1329244e-15
       4780.0000   4.5125929e-13   5.2521739e-15
       4790.0000   5.1597189e-13   5.1167807e-15
       4800.0000   5.5786567e-13   5.3109255e-15
       4810.0000   5.5936081e-13   5.1968913e-15
       4820.0000   5.6736001e-13   5.3752153e-15
       4830.0000   5.4454369e-13   5.3985249e-15
       4840.0000   5.7784805e-13   5.3512871e-15
       4850.0000   6.0546539e-13   5.2182799e-15
       4860.0000   5.7246085e-13   5.0851434e-15
       4870.0000   5.7622359e-13   5.1404439e-15
       4880.0000   6.1402883e-13   5.3154631e-15
       4890.0000   5.6376444e-13   5.1419001e-15
       4900.0000   6.2939392e-13   5.1659140e-15
       4910.0000   6.8308804e-13   5.2008846e-15
       4920.0000   5.4768362e-13   4.8828601e-15
       4930.0000   7.3197855e-13   5.0421254e-15
       4940.0000   6.4538303e-13   4.9597722e-15
       4950.0000   7.5380753e-13   5.0860507e-15
       4960.0000   5.8521647e-13   4.9024896e-15
       4970.0000   6.0949250e-13   4.8729765e-15
       4980.0000   5.7509800e-13   5.3065938e-15
       4990.0000   5.5126991e-13   5.0806229e-15
       5000.0000   5.0713483e-13   4.8588511e-15
       5010.0000   5.8644771e-13   4.7948676e-15
       5020.0000   5.9081833e-13   4.8071023e-15
       5030.0000   6.1204955e-13   4.7512369e-15
       5040.0000   4.8224914e-13   4.5292605e-15
       5050.0000   5.4156948e-13   4.6784454e-15
       5060.0000   6.1253637e-13   4.5966790e-15
       5070.0000   5.5832060e-13   4.8362279e-15
       5080.0000   5.5207139e-13   4.6344532e-15
       5090.0000   5.5682736e-13   4.8612321e-15
       5100.0000   5.1789153e-13   4.6282307e-15
       5110.0000   5.5369889e-13   4.5250745e-15
       5120.0000   5.5879027e-13   4.8355503e-15
       5130.0000   5.0874900e-13   4.4576390e-15
       5140.0000   5.7971757e-13   4.5449481e-15
       5150.0000   5.5054339e-13   4.5999343e-15
       5160.0000   6.7128181e-13   4.6100358e-15
       5170.0000   4.3511714e-13   4.2948967e-15
       5180.0000   4.4019472e-13   4.3954103e-15
       5190.0000   6.1298006e-13   4.5151664e-15
       5200.0000   6.3547514e-13   4.8501850e-15
       5210.0000   4.3694723e-13   4.4327765e-15
       5220.0000   7.9766597e-13   4.6890920e-15
       5230.0000   7.9785268e-13   4.6291928e-15
       5240.0000   7.9483378e-13   4.6749086e-15
       5250.0000   7.3531895e-13   4.7694374e-15
       5260.0000   7.7260647e-13   4.4901457e-15
       5270.0000   5.1879103e-13   4.3324408e-15
       5280.0000   8.0878142e-13   4.5785685e-15
       5290.0000   8.4881403e-13   4.5354171e-15
       5300.0000   7.6620837e-13   4.5163396e-15
       5310.0000   8.7577860e-13   4.6964912e-15
       5320.0000   8.5344754e-13   4.7171716e-15
       5330.0000   7.3130144e-13   4.6449986e-15
       5340.0000   7.8590333e-13   4.6487295e-15
       5350.0000   8.3837838e-13   4.6644227e-15
       5360.0000   9.2280028e-13   4.6233362e-15
       5370.0000   7.6386672e-13   4.4376211e-15
       5380.0000   9.9899317e-13   4.5621750e-15
       5390.0000   9.4335494e-13   4.5094686e-15
       5400.0000   9.4414844e-13   4.4931765e-15
       5410.0000   7.8677470e-13   4.4811117e-15
       5420.0000   9.6608929e-13   4.5486086e-15
       5430.0000   8.0858266e-13   4.4897350e-15
       5440.0000   1.0142116e-12   4.5977150e-15
       5450.0000   8.4816198e-13   4.5122736e-15
       5460.0000   8.7281966e-13   7.0227026e-15
       5470.0000   8.9294993e-13   4.5816436e-15
       5480.0000   9.1763305e-13   4.5909146e-15
       5490.0000   9.6044265e-13   4.5746359e-15
       5500.0000   8.7661204e-13   4.6159630e-15
       5510.0000   9.1420229e-13   4.5814786e-15
       5520.0000   9.6038101e-13   4.6511855e-15
       5530.0000   9.7487886e-13   4.6534278e-15
       5540.0000   9.8805018e-13   4.6382391e-15
       5550.0000   9.8775181e-13   4.5668259e-15
       5560.0000   1.0020113e-12   4.4858906e-15
       5570.0000   9.2680404e-13   4.7015455e-15
       5580.0000   9.2619186e-13   9.1790452e-15
       5590.0000   8.4415338e-13   4.5871929e-15
       5600.0000   8.2691748e-13   4.3713844e-15
       5610.0000   9.7846847e-13   4.5758399e-15
       5620.0000   9.1545338e-13   4.6860442e-15
       5630.0000   9.2221093e-13   4.5077875e-15
       5640.0000   9.8203299e-13   4.5753557e-15
       5650.0000   1.0192356e-12   4.6556663e-15
       5660.0000   9.9760892e-13   4.7437806e-15
       5670.0000   9.7904847e-13   4.9269542e-15
       5680.0000   1.0362233e-12   5.0899337e-15
       5690.0000   1.0238538e-12   5.7959469e-15
       5700.0000   1.0347053e-12   5.1568613e-15
       5710.0000   1.0295173e-12   4.8538021e-15
       5720.0000   1.1060045e-12   4.9906002e-15
       5730.0000   1.0946752e-12   4.8150621e-15
       5740.0000   1.1182950e-12   4.9389305e-15
       5750.0000   1.1615455e-12   4.9538180e-15
       5760.0000   1.1361022e-12   5.0315643e-15
       5770.0000   1.1295520e-12   6.1441448e-15
       5780.0000   1.0982888e-12   5.2761962e-15
       5790.0000   1.1128322e-12   6.2308125e-15
       5800.0000   1.1992904e-12   5.5415708e-15
       5810.0000   1.1658390e-12   5.5820556e-15
       5820.0000   1.1317074e-12   5.7255952e-15
       5830.0000   1.1550833e-12   5.8673832e-15
       5840.0000   1.1522591e-12   5.9749488e-15
       5850.0000   1.0933959e-12   5.6869390e-15
       5860.0000   1.0743960e-12   5.5288062e-15
       5870.0000   1.0587004e-12   5.6147119e-15
       5880.0000   9.1638914e-13   5.1180119e-15
       5890.0000   3.5145817e-13   1.1689802e-14
       5900.0000   7.1031281e-13   4.9326345e-15
       5910.0000   9.7184385e-13   4.8672655e-15
       5920.0000   1.0001139e-12   4.8127455e-15
       5930.0000   1.0142663e-12   4.7151584e-15
       5940.0000   1.0580163e-12   4.5684975e-15
       5950.0000   1.0343210e-12   4.5006679e-15
       5960.0000   1.0636520e-12   4.4399112e-15
       5970.0000   1.0854715e-12   4.5542193e-15
       5980.0000   1.0700629e-12   4.4247861e-15
       5990.0000   1.1105453e-12   4.3775745e-15
       6000.0000   1.1171363e-12   4.3059984e-15
       6010.0000   1.1282476e-12   4.2678924e-15
       6020.0000   1.1396818e-12   4.1484295e-15
       6030.0000   1.1990710e-12   4.1766111e-15
       6040.0000   1.1662995e-12   4.1027028e-15
       6050.0000   1.2408676e-12   4.1364360e-15
       6060.0000   1.2295016e-12   4.1529709e-15
       6070.0000   1.2664888e-12   4.2893974e-15
       6080.0000   1.2094101e-12   4.0494234e-15
       6090.0000   1.2195416e-12   4.1070348e-15
       6100.0000   1.1998658e-12   4.0931098e-15
       6110.0000   1.2382390e-12   4.1046650e-15
       6120.0000   1.0697919e-12   3.9775614e-15
       6130.0000   1.2912948e-12   4.1092556e-15
       6140.0000   1.2621975e-12   4.5579701e-15
       6150.0000   1.2039110e-12   3.8260353e-15
       6160.0000   9.0089813e-13   3.9537927e-15
       6170.0000   9.2578592e-13   3.8717798e-15
       6180.0000   1.1121569e-12   3.7944833e-15
       6190.0000   9.4890855e-13   3.6362402e-15
       6200.0000   9.9340565e-13   3.6160991e-15
       6210.0000   1.0407070e-12   3.6260532e-15
       6220.0000   9.3957364e-13   3.6783053e-15
       6230.0000   8.6894157e-13   3.2903448e-15
       6240.0000   9.0745015e-13   3.7276854e-15
       6250.0000   9.8548756e-13   3.3313030e-15
       6260.0000   9.2401501e-13   3.7435582e-15
       6270.0000   1.0287376e-12   3.2461361e-15
       6280.0000   1.0089911e-12   3.1882869e-15
       6290.0000   1.1217478e-12   3.3930916e-15
       6300.0000   1.1243557e-12   9.8976394e-15
       6310.0000   1.1862803e-12   3.3223901e-15
       6320.0000   1.2081022e-12   3.3128719e-15
       6330.0000   1.2382388e-12   3.8308462e-15
       6340.0000   1.2841699e-12   3.2313304e-15
       6350.0000   1.3090590e-12   3.3642072e-15
       6360.0000   1.1786804e-12   3.5038444e-15
       6370.0000   1.2168404e-12   3.1585356e-15
       6380.0000   1.0685468e-12   3.2070773e-15
       6390.0000   1.1291780e-12   3.0970731e-15
       6400.0000   1.1992225e-12   3.2752764e-15
       6410.0000   1.3044279e-12   3.1704641e-15
       6420.0000   1.2740704e-12   3.2150636e-15
       6430.0000   1.3118106e-12   3.1467826e-15
       6440.0000   1.1978172e-12   3.0433910e-15
       6450.0000   1.2541434e-12   3.1523481e-15
       6460.0000   1.3515753e-12   3.2397280e-15
       6470.0000   1.4045922e-12   3.5752681e-15
       6480.0000   1.4215493e-12   3.3097508e-15
       6490.0000   1.4178157e-12   3.2417024e-15
       6500.0000   1.3267656e-12   3.7978540e-15
       6510.0000   1.4437070e-12   3.2610432e-15
       6520.0000   1.4648567e-12   3.3499259e-15
       6530.0000   1.4859381e-12   3.4640549e-15
       6540.0000   1.5361970e-12   3.4077018e-15
       6550.0000   1.4494926e-12   3.4272348e-15
       6560.0000   1.4460946e-12   3.3912297e-15
       6570.0000   1.4158747e-12   3.4214054e-15
       6580.0000   1.4210195e-12   3.4506976e-15
       6590.0000   1.4543970e-12   3.2314968e-15
       6600.0000   1.4382744e-12   3.2787375e-15
       6610.0000   1.4272485e-12   3.1645205e-15
       6620.0000   1.4245451e-12   3.1421296e-15
       6630.0000   1.3921384e-12   3.9200712e-15
       6640.0000   1.4067638e-12   3.1395249e-15
       6650.0000   1.3491191e-12   3.0308923e-15
       6660.0000   1.3267950e-12   2.9929410e-15
       6670.0000   1.3706399e-12   3.0186599e-15
       6680.0000   1.2568079e-12   2.8940933e-15
       6690.0000   1.2643600e-12   2.8690576e-15
       6700.0000   1.2848033e-12   2.9435252e-15
       6710.0000   1.2955671e-12   3.0037765e-15
       6720.0000   1.1378285e-12   2.8006804e-15
       6730.0000   1.2023524e-12   2.9129543e-15
       6740.0000   1.2194674e-12   2.8703000e-15
       6750.0000   1.1321722e-12   2.7927201e-15
       6760.0000   1.1878843e-12   2.9256559e-15
       6770.0000   1.1860695e-12   2.8283371e-15
       6780.0000   1.1870618e-12   3.0045449e-15
       6790.0000   1.1402814e-12   2.8629294e-15
       6800.0000   1.1505302e-12   2.9643228e-15
       6810.0000   1.1339965e-12   2.8191332e-15
       6820.0000   1.1250928e-12   2.8401526e-15
       6830.0000   1.1409384e-12   3.9060290e-15
       6840.0000   1.1365190e-12   3.1176613e-15
       6850.0000   1.1010878e-12   2.8206871e-15
       6860.0000   1.0775997e-12   3.0108163e-15
       6870.0000   1.0860953e-12   3.7739040e-15
       6880.0000   1.1392868e-12   3.1166996e-15
       6890.0000   1.1648334e-12   3.4104144e-15
       6900.0000   1.1155848e-12   3.3778173e-15
       6910.0000   1.2400160e-12   3.1622537e-15
       6920.0000   1.1454705e-12   3.1512713e-15
       6930.0000   1.3338814e-12   2.9969241e-15
       6940.0000   1.3549429e-12   3.6038150e-15
       6950.0000   1.4291114e-12   4.0834450e-15
       6960.0000   1.3661234e-12   3.0120771e-15
       6970.0000   1.3944453e-12   3.3642228e-15
       6980.0000   1.3619289e-12   3.5126023e-15
       6990.0000   1.4054313e-12   3.0447388e-15
       7000.0000   1.4402003e-12   3.1113703e-15
       7010.0000   1.4451595e-12   3.3160102e-15
       7020.0000   1.5021075e-12   3.0842859e-15
       7030.0000   1.5739979e-12   3.1687133e-15
       7040.0000   1.6057790e-12   3.2187919e-15
       7050.0000   1.6566335e-12   3.5154821e-15
       7060.0000   1.4045957e-12   3.0047688e-15
       7070.0000   1.4635653e-12   3.0854357e-15
       7080.0000   1.4952326e-12   3.1006815e-15
       7090.0000   1.2683735e-12   2.9897160e-15
       7100.0000   1.3412179e-12   2.8854971e-15
       7110.0000   1.3943100e-12   2.9490651e-15
       7120.0000   1.4467502e-12   2.9257909e-15
       7130.0000   1.2208727e-12   2.8600936e-15
       7140.0000   1.2182861e-12   2.8238885e-15
       7150.0000   1.2299762e-12   2.8205371e-15
       7160.0000   1.2950556e-12   2.8772796e-15
       7170.0000   1.3479735e-12   2.9807956e-15
       7180.0000   1.3741327e-12   3.0316606e-15
       7190.0000   1.3948349e-12   3.0765949e-15
       7200.0000   1.3163791e-12   3.0483670e-15
       7210.0000   1.3223056e-12   2.9541185e-15
       7220.0000   1.4580876e-12   3.0406068e-15
       7230.0000   1.4598514e-12   3.1794344e-15
       7240.0000   1.4668884e-12   5.6060661e-15
       7250.0000   1.5287521e-12   3.6400366e-15
       7260.0000   1.5316473e-12   3.3443554e-15
       7270.0000   1.5461697e-12   3.4936571e-15
       7280.0000   1.5885468e-12   3.9893555e-15
       7290.0000   1.6073792e-12   3.5853922e-15
       7300.0000   1.6208503e-12   3.4982787e-15
       7310.0000   1.6301023e-12   3.5485897e-15
       7320.0000   1.6656750e-12   3.7336320e-15
       7330.0000   1.6748823e-12   4.7320677e-15
       7340.0000   1.6933712e-12   6.6517608e-15
       7350.0000   1.6843178e-12   3.5190737e-15
       7360.0000   1.6588439e-12   4.3197345e-15
       7370.0000   1.7290059e-12   5.7094759e-15
       7380.0000   1.7432430e-12   3.5378556e-15
       7390.0000   1.7003850e-12   3.8246977e-15
       7400.0000   1.6669863e-12   4.3390580e-15
       7410.0000   1.7168725e-12   3.5662910e-15
       7420.0000   1.7308688e-12   3.3948735e-15
       7430.0000   1.7661939e-12   3.8568282e-15
       7440.0000   1.7435678e-12   3.9686483e-15
       7450.0000   1.7509598e-12   3.3507174e-15
       7460.0000   1.7330080e-12   3.4359426e-15
       7470.0000   1.7728695e-12   3.8059655e-15
       7480.0000   1.7779841e-12   4.0862691e-15
       7490.0000   1.7386996e-12   3.4086472e-15
       7500.0000   1.7947588e-12   3.3589030e-15
       7510.0000   1.7423751e-12   3.2906088e-15
       7520.0000   1.7998752e-12   3.7180456e-15
       7530.0000   1.7659562e-12   3.9103882e-15
       7540.0000   1.8153712e-12   3.5482928e-15
       7550.0000   1.8120399e-12   3.3803147e-15
       7560.0000   1.8223170e-12   3.5767971e-15
       7570.0000   1.7949761e-12   4.4013912e-15
       7580.0000   1.8165380e-12   3.4206256e-15
       7590.0000   1.7202514e-12   3.3775073e-15
       7600.0000   1.7479769e-12   8.0383833e-15
       7610.0000   1.7344447e-12   6.1615152e-15
       7620.0000   1.7727745e-12   4.2830342e-15
       7630.0000   1.6962627e-12   5.9536855e-15
       7640.0000   1.6946904e-12   4.4138901e-15
       7650.0000   1.6741899e-12   3.9878267e-15
       7660.0000   1.6627267e-12   3.9435056e-15
       7670.0000   1.6493820e-12   3.4471505e-15
       7680.0000   1.6694895e-12   3.4716965e-15
       7690.0000   1.6674210e-12   3.5707169e-15
       7700.0000   1.4278645e-12   3.6237813e-15
       7710.0000   1.6470159e-12   4.5338712e-15
       7720.0000   1.6674884e-12   4.3817988e-15
       7730.0000   1.6907821e-12   3.5494276e-15
       7740.0000   1.6988854e-12   3.5616839e-15
       7750.0000   1.5969043e-12   7.2422852e-15
       7760.0000   1.6618075e-12   5.0068645e-15
       7770.0000   1.6758947e-12   3.7314558e-15
       7780.0000   1.6443508e-12   4.4555309e-15
       7790.0000   1.6423144e-12   3.9944010e-15
       7800.0000   1.6523056e-12   3.4874786e-15
       7810.0000   1.6949435e-12   4.6987169e-15
       7820.0000   1.7049310e-12   6.4298738e-15
       7830.0000   1.6441279e-12   3.5717873e-15
       7840.0000   1.6822799e-12   4.5741495e-15
       7850.0000   1.7102541e-12   4.9525078e-15
       7860.0000   1.7133587e-12   5.2401911e-15
       7870.0000   1.7044565e-12   5.5664531e-15
       7880.0000   1.7331491e-12   5.0314602e-15
       7890.0000   1.7427853e-12   6.0125734e-15
       7900.0000   1.7352093e-12   3.7813516e-15
       7910.0000   1.7068956e-12   4.7530605e-15
       7920.0000   1.7321440e-12   5.7442185e-15
       7930.0000   1.7378717e-12   5.2133435e-15
       7940.0000   1.7344494e-12   3.8142360e-15
       7950.0000   1.7311004e-12   4.9353732e-15
       7960.0000   1.7370887e-12   3.9550190e-15
       7970.0000   1.7816585e-12   4.0837106e-15
       7980.0000   1.7479045e-12   5.5398340e-15
       7990.0000   1.7891065e-12   4.9818327e-15
       8000.0000   1.7302226e-12   3.8903920e-15
       8010.0000   1.7840893e-12   3.9329815e-15
       8020.0000   1.7912173e-12   4.1014425e-15
       8030.0000   1.7881299e-12   4.5902482e-15
       8040.0000   1.8007254e-12   3.8685128e-15
       8050.0000   1.8098093e-12   4.3608162e-15
       8060.0000   1.8331446e-12   4.8140635e-15
       8070.0000   1.7808704e-12   3.7860420e-15
       8080.0000   1.8297901e-12   3.8596528e-15
       8090.0000   1.8372984e-12   3.8484589e-15
       8100.0000   1.8317886e-12   4.1972341e-15
       8110.0000   1.8225884e-12   3.8998985e-15
       8120.0000   1.8181107e-12   3.8872254e-15
       8130.0000   1.8236876e-12   3.8962610e-15
       8140.0000   1.8266778e-12   4.2749742e-15
       8150.0000   1.8249253e-12   4.1171326e-15
       8160.0000   1.7884711e-12   4.0362546e-15
       8170.0000   1.8093181e-12   4.0649842e-15
       8180.0000   1.7480232e-12   4.4664014e-15
       8190.0000   1.7848332e-12   4.5597114e-15
       8200.0000   1.7598358e-12   4.4898785e-15
       8210.0000   1.7950817e-12   4.1400163e-15
       8220.0000   1.7412562e-12   4.1074823e-15
       8230.0000   1.8142513e-12   4.6265151e-15
       8240.0000   1.8343664e-12   4.1681456e-15
       8250.0000   1.8967576e-12   4.2093572e-15
       8260.0000   1.8460846e-12   4.1907529e-15
       8270.0000   1.8671740e-12   4.1966587e-15
       8280.0000   1.7917231e-12   6.7730269e-15
       8290.0000   1.7787975e-12   6.8606164e-15
       8300.0000   1.8200117e-12   7.7786263e-15
       8310.0000   1.8175151e-12   5.6884509e-15
       8320.0000   1.7370499e-12   4.2452481e-15
       8330.0000   1.7441288e-12   4.1449711e-15
       8340.0000   1.7737789e-12   5.3681168e-15
       8350.0000   1.7827376e-12   5.9280490e-15
       8360.0000   1.7910792e-12   4.5521223e-15
       8370.0000   1.8149221e-12   4.3457455e-15
       8380.0000   1.7350994e-12   5.7054082e-15
       8390.0000   1.7057867e-12   4.2544328e-15
       8400.0000   1.7982521e-12   1.1118208e-14
       8410.0000   1.7562482e-12   4.3517521e-15
       8420.0000   1.7717745e-12   4.4574301e-15
       8430.0000   1.7906093e-12   1.2459554e-14
       8440.0000   1.7365143e-12   4.2541804e-15
       8450.0000   1.7468389e-12   5.9270099e-15
       8460.0000   1.7482692e-12   4.5476295e-15
       8470.0000   1.6776581e-12   4.6740315e-15
       8480.0000   1.7453941e-12   4.2410980e-15
       8490.0000   1.7599160e-12   4.8059453e-15
       8500.0000   1.5774582e-12   4.5431242e-15
       8510.0000   1.7353462e-12   4.4604508e-15
       8520.0000   1.7035059e-12   4.3465168e-15
       8530.0000   1.7317605e-12   4.2712288e-15
       8540.0000   1.3366780e-12   4.8136681e-15
       8550.0000   1.6970857e-12   5.9982146e-15
       8560.0000   1.7347030e-12   4.4329821e-15
       8570.0000   1.7470254e-12   4.4334844e-15
       8580.0000   1.7476363e-12   4.4883576e-15
       8590.0000   1.7622714e-12   4.9170261e-15
       8600.0000   1.7463741e-12   4.7459589e-15
       8610.0000   1.7334547e-12   5.0443765e-15
       8620.0000   1.7430969e-12   6.8327783e-15
       8630.0000   1.7648090e-12   8.1509192e-15
       8640.0000   1.7529518e-12   6.2990623e-15
       8650.0000   1.7437589e-12   7.4127233e-15
       8660.0000   1.4176667e-12   8.4056387e-15
       8670.0000   1.7351858e-12   7.4545612e-15
       8680.0000   1.7502302e-12   6.1472487e-15
       8690.0000   1.5703941e-12   5.2543290e-15
       8700.0000   1.7192916e-12   5.3408670e-15
       8710.0000   1.7123159e-12   5.0949304e-15
       8720.0000   1.7245725e-12   4.8969988e-15
       8730.0000   1.7493135e-12   4.9429427e-15
       8740.0000   1.7423842e-12   5.1184554e-15
       8750.0000   1.7400524e-12   5.3693571e-15
       8760.0000   1.7845355e-12   1.0233104e-14
       8770.0000   1.7447006e-12   8.7581842e-15
       8780.0000   1.7406419e-12   9.8996736e-15
       8790.0000   1.7582587e-12   7.9615178e-15
       8800.0000   1.7288614e-12   5.1951177e-15
       8810.0000   1.7125371e-12   5.5922809e-15
       8820.0000   1.7357802e-12   5.3117821e-15
       8830.0000   1.7606567e-12   1.2619485e-14
       8840.0000   1.7312925e-12   7.1202864e-15
       8850.0000   1.7611673e-12   7.2953966e-15
       8860.0000   1.7260835e-12   5.4089315e-15
       8870.0000   1.7054924e-12   8.0567509e-15
       8880.0000   1.7334930e-12   5.8043026e-15
       8890.0000   1.7527516e-12   7.2011000e-15
       8900.0000   1.7625422e-12   7.5983856e-15
       8910.0000   1.7564920e-12   5.7728003e-15
       8920.0000   1.7835710e-12   2.1289031e-14
       8930.0000   1.7400033e-12   5.7919836e-15
       8940.0000   1.7710200e-12   7.3037958e-15
       8950.0000   1.7373868e-12   5.5405648e-15
       8960.0000   1.7404440e-12   1.7228948e-14
       8970.0000   1.6938614e-12   5.7896040e-15
       8980.0000   1.6995842e-12   5.9408907e-15
       8990.0000   1.4324886e-12   7.9629891e-15
       9000.0000   1.5927483e-12   1.3928713e-14
       9010.0000   1.6359237e-12   5.6872196e-15
       9020.0000   1.7024688e-12   5.7670992e-15
       9030.0000   1.7655692e-12   5.8441661e-15
       9040.0000   1.8368714e-12   7.4516658e-15
       9050.0000   1.8599470e-12   1.0174107e-14
       9060.0000   1.7718560e-12   5.9680360e-15
       9070.0000   1.6331018e-12   6.0137189e-15
       9080.0000   1.6315111e-12   5.7438424e-15
       9090.0000   1.6362367e-12   6.3697033e-15
       9100.0000   1.6588197e-12   7.2224919e-15
       9110.0000   1.7890224e-12   6.1140108e-15
       9120.0000   1.6789500e-12   5.9263968e-15
       9130.0000   1.6188865e-12   5.9843436e-15
       9140.0000   1.7853966e-12   6.2538865e-15
       9150.0000   1.7236464e-12   6.6627428e-15
       9160.0000   1.7785788e-12   7.6991530e-15
       9170.0000   1.7463905e-12   6.6673029e-15
       9180.0000   1.7851834e-12   6.3220249e-15
       9190.0000   1.8036874e-12   6.0113785e-15
       9200.0000   1.7496509e-12   2.5582566e-15
       9210.0000   1.7260497e-12   2.5807540e-15
       9220.0000   1.7525661e-12   2.7050120e-15
       9230.0000   1.7397661e-12   2.7876877e-15
       9240.0000   1.7351577e-12   2.7610140e-15
       9250.0000   1.7208773e-12   2.6501574e-15
       9260.0000   1.6977484e-12   2.5820172e-15
       9270.0000   1.7695198e-12   2.6555755e-15
       9280.0000   1.7179402e-12   2.6459519e-15
       9290.0000   1.7022621e-12   2.6016771e-15
       9300.0000   1.7078486e-12   2.6982174e-15
       9310.0000   1.7101155e-12   2.8504204e-15
       9320.0000   1.7037888e-12   3.0572475e-15
       9330.0000   1.7213004e-12   2.4204142e-15
       9340.0000   1.7187832e-12   2.5431390e-15
       9350.0000   1.7089472e-12   2.6225253e-15
       9360.0000   1.6839548e-12   2.6079004e-15
       9370.0000   1.6925947e-12   2.5372991e-15
       9380.0000   1.6893227e-12   2.5661006e-15
       9390.0000   1.7036614e-12   2.2830762e-15
       9400.0000   1.6927718e-12   2.2204949e-15
       9410.0000   1.6959073e-12   2.2792961e-15
       9420.0000   1.6552987e-12   2.1143096e-15
       9430.0000   1.6936089e-12   2.6081671e-15
       9440.0000   1.6745047e-12   2.3680404e-15
       9450.0000   1.6324755e-12   2.0638028e-15
       9460.0000   1.6842486e-12   2.4304117e-15
       9470.0000   1.6838917e-12   2.2158280e-15
       9480.0000   1.6905989e-12   2.1956770e-15
       9490.0000   1.6880545e-12   2.1666654e-15
       9500.0000   1.6822007e-12   2.3861475e-15
       9510.0000   1.6759512e-12   2.0350341e-15
       9520.0000   1.6819640e-12   2.4443938e-15
       9530.0000   1.6938426e-12   2.2353799e-15
       9540.0000   1.6912935e-12   2.2589797e-15
       9550.0000   1.6425668e-12   2.4406337e-15
       9560.0000   1.6910473e-12   2.2835520e-15
       9570.0000   1.6901274e-12   2.2339151e-15
       9580.0000   1.6684622e-12   2.1024844e-15
       9590.0000   1.6900578e-12   2.0861549e-15
       9600.0000   1.6381864e-12   2.0229938e-15
       9610.0000   1.6832792e-12   2.0766306e-15
       9620.0000   1.6886272e-12   1.9787258e-15
       9630.0000   1.6905964e-12   2.0380551e-15
       9640.0000   1.5494236e-12   1.9354399e-15
       9650.0000   1.5987947e-12   1.8870761e-15
       9660.0000   1.6624133e-12   1.9693144e-15
       9670.0000   1.6503606e-12   1.9208645e-15
       9680.0000   1.5634850e-12   1.7815888e-15
       9690.0000   1.6124970e-12   1.8598435e-15
       9700.0000   1.6690059e-12   1.8540036e-15
       9710.0000   1.5812851e-12   1.7711316e-15
       9720.0000   1.6340884e-12   1.8753682e-15
       9730.0000   1.5928327e-12   1.7745055e-15
       9740.0000   1.6261522e-12   1.8488788e-15
       9750.0000   1.6224084e-12   1.8336284e-15
       9760.0000   1.6621809e-12   1.8525521e-15
       9770.0000   1.6317072e-12   1.8245732e-15
       9780.0000   1.6590813e-12   1.8227320e-15
       9790.0000   1.5496703e-12   1.6979629e-15
       9800.0000   1.6548650e-12   1.8251758e-15
       9810.0000   1.6538320e-12   1.7703087e-15
       9820.0000   1.6532112e-12   1.7738366e-15
       9830.0000   1.6484123e-12   1.8029590e-15
       9840.0000   1.6470460e-12   1.7488833e-15
       9850.0000   1.6518076e-12   1.8271837e-15
       9860.0000   1.6463357e-12   1.7801188e-15
       9870.0000   1.6426625e-12   1.7420881e-15
       9880.0000   1.6465323e-12   1.7602282e-15
       9890.0000   1.6427584e-12   1.7695752e-15
       9900.0000   1.6004208e-12   1.7095811e-15
       9910.0000   1.5440712e-12   1.6636294e-15
       9920.0000   1.5463582e-12   1.6537421e-15
       9930.0000   1.5502427e-12   1.6749290e-15
       9940.0000   1.5937159e-12   1.7079876e-15
       9950.0000   1.5872149e-12   1.6701949e-15
       9960.0000   1.5898674e-12   1.6812540e-15
       9970.0000   1.6036087e-12   1.7029491e-15
       9980.0000   1.5878454e-12   1.6629416e-15
       9990.0000   1.5753599e-12   1.6672334e-15
       10000.000   1.5715325e-12   1.6759417e-15
       10010.000   1.5768278e-12   1.6495588e-15
       10020.000   1.6053625e-12   1.7091464e-15
       10030.000   1.6017053e-12   1.7161312e-15
       10040.000   1.5739230e-12   1.7165241e-15
       10050.000   1.5966590e-12   1.8708218e-15
       10060.000   1.5536109e-12   1.7762728e-15
       10070.000   1.5779296e-12   1.7036670e-15
       10080.000   1.6051928e-12   1.7125796e-15
       10090.000   1.5921704e-12   1.6533221e-15
       10100.000   1.6168417e-12   1.6826133e-15
       10110.000   1.6074950e-12   1.6866609e-15
       10120.000   1.5827076e-12   1.6376276e-15
       10130.000   1.5987364e-12   1.6559572e-15
       10140.000   1.5766310e-12   1.6376015e-15
       10150.000   1.5556165e-12   1.6170496e-15
       10160.000   1.5705658e-12   1.7091349e-15
       10170.000   1.5752211e-12   1.6789915e-15
       10180.000   1.5868076e-12   1.6383709e-15
       10190.000   1.5702107e-12   1.6377597e-15
       10200.000   1.5743224e-12   1.6377739e-15
       10210.000   1.5828536e-12   1.6416225e-15
       10220.000   1.5300119e-12   1.6044777e-15
       10230.000   1.5709568e-12   1.7065058e-15
       10240.000   1.5776061e-12   1.6677171e-15
       10250.000   1.5729694e-12   1.6325406e-15
       10260.000   1.5552736e-12   1.5973262e-15
       10270.000   1.5671334e-12   1.6235360e-15
       10280.000   1.5580210e-12   1.6094840e-15
       10290.000   1.5656136e-12   1.6099421e-15
       10300.000   1.5574943e-12   1.6139649e-15
       10310.000   1.5621205e-12   1.6171849e-15
       10320.000   1.5564371e-12   1.6078996e-15
       10330.000   1.5346259e-12   1.6015453e-15
       10340.000   1.5263413e-12   1.6225673e-15
       10350.000   1.4659805e-12   1.5620520e-15
       10360.000   1.5571392e-12   1.6548358e-15
       10370.000   1.5616570e-12   1.6562177e-15
       10380.000   1.5398366e-12   1.6415625e-15
       10390.000   1.5531139e-12   1.6637634e-15
       10400.000   1.4827912e-12   1.6020679e-15
       10410.000   1.5560971e-12   1.6496995e-15
       10420.000   1.5541549e-12   1.6487821e-15
       10430.000   1.5257299e-12   1.6263982e-15
       10440.000   1.5578206e-12   1.6432037e-15
       10450.000   1.5573045e-12   1.6725091e-15
       10460.000   1.5579849e-12   1.6639441e-15
       10470.000   1.5303012e-12   1.6413448e-15
       10480.000   1.5403547e-12   1.6524461e-15
       10490.000   1.5310714e-12   1.6349468e-15
       10500.000   1.4966283e-12   1.6419862e-15
       10510.000   1.5414605e-12   1.6693087e-15
       10520.000   1.5221566e-12   1.6386247e-15
       10530.000   1.5464318e-12   1.6922693e-15
       10540.000   1.5405779e-12   1.6791181e-15
       10550.000   1.5355163e-12   1.6574625e-15
       10560.000   1.5179549e-12   1.6513040e-15
       10570.000   1.5216077e-12   1.6538886e-15
       10580.000   1.5275628e-12   1.6695157e-15
       10590.000   1.4741742e-12   1.6339824e-15
       10600.000   1.5275903e-12   1.6732308e-15
       10610.000   1.4954798e-12   1.6746605e-15
       10620.000   1.5168858e-12   1.6566049e-15
       10630.000   1.5274891e-12   1.6600957e-15
       10640.000   1.5246391e-12   1.6924766e-15
       10650.000   1.5182839e-12   1.6803889e-15
       10660.000   1.5018893e-12   1.6796629e-15
       10670.000   1.4932235e-12   1.6778322e-15
       10680.000   1.5024307e-12   1.6812568e-15
       10690.000   1.5274568e-12   1.7126476e-15
       10700.000   1.5166937e-12   1.6886726e-15
       10710.000   1.5107862e-12   1.6928045e-15
       10720.000   1.5154979e-12   1.7110350e-15
       10730.000   1.4564678e-12   1.6486808e-15
       10740.000   1.5066523e-12   1.7075544e-15
       10750.000   1.4760118e-12   1.6882363e-15
       10760.000   1.5076529e-12   1.6920161e-15
       10770.000   1.5071978e-12   1.7077812e-15
       10780.000   1.4836631e-12   1.6912614e-15
       10790.000   1.4718241e-12   1.6849425e-15
       10800.000   1.4899171e-12   1.7066446e-15
       10810.000   1.4834675e-12   1.7160168e-15
       10820.000   1.4771486e-12   1.7251247e-15
       10830.000   1.4181276e-12   1.6685413e-15
       10840.000   1.4514236e-12   1.6973377e-15
       10850.000   1.4684894e-12   1.7214537e-15
       10860.000   1.4897303e-12   1.7589615e-15
       10870.000   1.4526845e-12   1.7159132e-15
       10880.000   1.4702007e-12   1.7387727e-15
       10890.000   1.4660880e-12   1.7557193e-15
       10900.000   1.4628319e-12   1.7726340e-15
       10910.000   1.4545439e-12   1.7927588e-15
       10920.000   1.4642038e-12   1.8204471e-15
       10930.000   1.4741575e-12   1.9079345e-15
       10940.000   1.4789036e-12   1.9975087e-15
       10950.000   1.4775782e-12   1.9881258e-15
       10960.000   1.4483078e-12   1.8902213e-15
       10970.000   1.4319412e-12   1.8113022e-15
       10980.000   1.4506620e-12   1.8447236e-15
       10990.000   1.4577743e-12   1.8476226e-15
       11000.000   1.4571949e-12   1.8557784e-15
       11010.000   1.4592256e-12   1.8730828e-15
       11020.000   1.4325321e-12   1.8784794e-15
       11030.000   1.4577502e-12   1.8996160e-15
       11040.000   1.4500006e-12   1.8829534e-15
       11050.000   1.4512116e-12   1.8946057e-15
       11060.000   1.4449338e-12   1.9189636e-15
       11070.000   1.4439471e-12   1.9058165e-15
       11080.000   1.4502076e-12   1.9575338e-15
       11090.000   1.4482848e-12   1.9604710e-15
       11100.000   1.4512259e-12   1.9484475e-15
       11110.000   1.4438474e-12   2.0167049e-15
       11120.000   1.4262288e-12   1.9729532e-15
       11130.000   1.4477668e-12   2.1432694e-15
       11140.000   1.4431106e-12   2.0885542e-15
       11150.000   1.4305375e-12   2.2025985e-15
       11160.000   1.4084408e-12   2.1267120e-15
       11170.000   1.4395715e-12   2.3944618e-15
       11180.000   1.4330754e-12   2.1452000e-15
       11190.000   1.4281249e-12   2.4675501e-15
       11200.000   1.4263474e-12   2.3256636e-15
       11210.000   1.4323864e-12   1.4607189e-15
       11220.000   1.4324912e-12   1.8676505e-15
       11230.000   1.4341061e-12   1.6682138e-15
       11240.000   1.4372428e-12   1.6236600e-15
       11250.000   1.4208010e-12   1.5797105e-15
       11260.000   1.3441823e-12   1.6571428e-15
       11270.000   1.4303583e-12   1.4691470e-15
       11280.000   1.4281516e-12   1.7178468e-15
       11290.000   1.4408321e-12   1.6356718e-15
       11300.000   1.4244637e-12   1.7127467e-15
       11310.000   1.4112198e-12   1.4204088e-15
       11320.000   1.4150419e-12   1.4098008e-15
       11330.000   1.4154089e-12   1.4830392e-15
       11340.000   1.4076809e-12   1.7887690e-15
       11350.000   1.4357102e-12   2.5242888e-15
       11360.000   1.3992747e-12   1.6692512e-15
       11370.000   1.3991632e-12   1.3687556e-15
       11380.000   1.3378878e-12   1.3113587e-15
       11390.000   1.3636208e-12   1.3374598e-15
       11400.000   1.3497437e-12   1.4369280e-15
       11410.000   1.2257884e-12   1.3271174e-15
       11420.000   1.3875386e-12   1.4057028e-15
       11430.000   1.3829869e-12   1.3335268e-15
       11440.000   1.3716452e-12   1.5047897e-15
       11450.000   1.3896008e-12   1.5192470e-15
       11460.000   1.3922701e-12   1.4533081e-15
       11470.000   1.3961120e-12   1.5747521e-15
       11480.000   1.3842509e-12   1.3590743e-15
       11490.000   1.3785665e-12   1.3774046e-15
       11500.000   1.3912101e-12   1.5125665e-15
       11510.000   1.3799324e-12   1.4002876e-15
       11520.000   1.3828626e-12   1.3903435e-15
       11530.000   1.3795538e-12   1.3599935e-15
       11540.000   1.3796572e-12   1.4211082e-15
       11550.000   1.3748911e-12   1.2864783e-15
       11560.000   1.3794294e-12   1.3375023e-15
       11570.000   1.3720822e-12   1.2762187e-15
       11580.000   1.3737517e-12   1.2938753e-15
       11590.000   1.3646468e-12   1.2982493e-15
       11600.000   1.3460848e-12   1.2682234e-15
       11610.000   1.2805424e-12   1.1834477e-15
       11620.000   1.3588755e-12   1.2710309e-15
       11630.000   1.3611913e-12   1.2078923e-15
       11640.000   1.3046647e-12   1.1836265e-15
       11650.000   1.3569233e-12   1.2555403e-15
       11660.000   1.3563915e-12   1.2332993e-15
       11670.000   1.3559882e-12   1.2306890e-15
       11680.000   1.3489558e-12   1.2214587e-15
       11690.000   1.3059294e-12   1.1608820e-15
       11700.000   1.3352590e-12   1.1991236e-15
       11710.000   1.3479826e-12   1.2067186e-15
       11720.000   1.3460501e-12   1.1812165e-15
       11730.000   1.3456139e-12   1.2073912e-15
       11740.000   1.3455921e-12   1.2373199e-15
       11750.000   1.3486145e-12   1.1881479e-15
       11760.000   1.3442644e-12   1.2063715e-15
       11770.000   1.3038556e-12   1.1456156e-15
       11780.000   1.2896303e-12   1.1724255e-15
       11790.000   1.3059673e-12   1.1687129e-15
       11800.000   1.3026193e-12   1.1575087e-15
       11810.000   1.3318354e-12   1.1838306e-15
       11820.000   1.3251555e-12   1.2666143e-15
       11830.000   1.1770166e-12   1.0647260e-15
       11840.000   1.3045410e-12   1.1980427e-15
       11850.000   1.3230734e-12   1.2096967e-15
       11860.000   1.3253339e-12   1.1830426e-15
       11870.000   1.3178912e-12   1.2087191e-15
       11880.000   1.3089045e-12   1.2264679e-15
       11890.000   1.2325357e-12   1.1367027e-15
       11900.000   1.3066045e-12   1.1932782e-15
       11910.000   1.3115579e-12   1.1882616e-15
       11920.000   1.3149410e-12   1.1875002e-15
       11930.000   1.3112966e-12   1.1958747e-15
       11940.000   1.3047810e-12   1.2376087e-15
       11950.000   1.2815404e-12   1.1841775e-15
       11960.000   1.2844797e-12   1.1464936e-15
       11970.000   1.2859701e-12   1.1357865e-15
       11980.000   1.2199146e-12   1.1064694e-15
       11990.000   1.2669856e-12   1.1607729e-15
