       3000.0000   1.1886551e-14       0.0000000
       3010.0000   1.2221224e-14       0.0000000
       3020.0000   1.2562318e-14       0.0000000
       3030.0000   1.2909881e-14       0.0000000
       3040.0000   1.3263958e-14       0.0000000
       3050.0000   1.3624594e-14       0.0000000
       3060.0000   1.3991832e-14       0.0000000
       3070.0000   1.4365715e-14       0.0000000
       3080.0000   1.4746283e-14       0.0000000
       3090.0000   1.5133576e-14       0.0000000
       3100.0000   1.5527633e-14       0.0000000
       3110.0000   1.5928492e-14       0.0000000
       3120.0000   1.6336188e-14       0.0000000
       3130.0000   1.6750756e-14       0.0000000
       3140.0000   1.7172229e-14       0.0000000
       3150.0000   1.7600640e-14       0.0000000
       3160.0000   1.8036020e-14       0.0000000
       3170.0000   1.8478399e-14       0.0000000
       3180.0000   1.8927804e-14       0.0000000
       3190.0000   1.9384263e-14       0.0000000
       3200.0000   1.9847802e-14       0.0000000
       3210.0000   2.0318444e-14       0.0000000
       3220.0000   2.0796212e-14       0.0000000
       3230.0000   2.1281130e-14       0.0000000
       3240.0000   2.1773215e-14       0.0000000
       3250.0000   2.2272488e-14       0.0000000
       3260.0000   2.2778967e-14       0.0000000
       3270.0000   2.3292666e-14       0.0000000
       3280.0000   2.3813602e-14       0.0000000
       3290.0000   2.4341787e-14       0.0000000
       3300.0000   2.4877234e-14       0.0000000
       3310.0000   2.5419953e-14       0.0000000
       3320.0000   2.5969955e-14       0.0000000
       3330.0000   2.6527245e-14       0.0000000
       3340.0000   2.7091833e-14       0.0000000
       3350.0000   2.7663722e-14       0.0000000
       3360.0000   2.8242916e-14       0.0000000
       3370.0000   2.8829419e-14       0.0000000
       3380.0000   2.9423231e-14       0.0000000
       3390.0000   3.0024353e-14       0.0000000
       3400.0000   3.0632782e-14       0.0000000
       3410.0000   3.1248516e-14       0.0000000
       3420.0000   3.1871551e-14       0.0000000
       3430.0000   3.2501881e-14       0.0000000
       3440.0000   3.3139500e-14       0.0000000
       3450.0000   3.3784399e-14       0.0000000
       3460.0000   3.4436569e-14       0.0000000
       3470.0000   3.5095999e-14       0.0000000
       3480.0000   3.5762677e-14       0.0000000
       3490.0000   3.6436590e-14       0.0000000
       3500.0000   3.7117723e-14       0.0000000
       3510.0000   3.7806061e-14       0.0000000
       3520.0000   3.8501585e-14       0.0000000
       3530.0000   3.9204279e-14       0.0000000
       3540.0000   3.9914122e-14       0.0000000
       3550.0000   4.0631094e-14       0.0000000
       3560.0000   4.1355172e-14       0.0000000
       3570.0000   4.2086334e-14       0.0000000
       3580.0000   4.2824554e-14       0.0000000
       3590.0000   4.3569808e-14       0.0000000
       3600.0000   4.4322068e-14       0.0000000
       3610.0000   4.5081307e-14       0.0000000
       3620.0000   4.5847495e-14       0.0000000
       3630.0000   4.6620603e-14       0.0000000
       3640.0000   4.7400599e-14       0.0000000
       3650.0000   4.8187450e-14       0.0000000
       3660.0000   4.8981124e-14       0.0000000
       3670.0000   4.9781586e-14       0.0000000
       3680.0000   5.0588799e-14       0.0000000
       3690.0000   5.1402728e-14       0.0000000
       3700.0000   5.2223335e-14       0.0000000
       3710.0000   5.3050580e-14       0.0000000
       3720.0000   5.3884425e-14       0.0000000
       3730.0000   5.4724829e-14       0.0000000
       3740.0000   5.5571749e-14       0.0000000
       3750.0000   5.6425144e-14       0.0000000
       3760.0000   5.7284970e-14       0.0000000
       3770.0000   5.8151182e-14       0.0000000
       3780.0000   5.9023735e-14       0.0000000
       3790.0000   5.9902583e-14       0.0000000
       3800.0000   6.0787679e-14       0.0000000
       3810.0000   6.1678974e-14       0.0000000
       3820.0000   6.2576420e-14       0.0000000
       3830.0000  -8.6422467e-16   4.0295216e-14
       3840.0000   3.5135626e-14   3.6701925e-14
       3850.0000   4.2934111e-14   3.5105193e-14
       3860.0000   9.9488038e-16   3.2397117e-14
       3870.0000   3.3224547e-14   3.1635777e-14
       3880.0000   5.7524679e-14   3.1294903e-14
       3890.0000   4.0638773e-14   3.0666636e-14
       3900.0000   3.8736053e-14   3.0553774e-14
       3910.0000   9.3729935e-14   3.1450246e-14
       3920.0000   5.6752094e-14   2.8382730e-14
       3930.0000   1.8387654e-14   2.6377007e-14
       3940.0000   4.7315616e-14   2.8199920e-14
       3950.0000   6.4544352e-14   2.8250069e-14
       3960.0000   2.9529900e-14   2.7902373e-14
       3970.0000   4.0447081e-14   2.5395797e-14
       3980.0000   4.5441777e-14   2.6002676e-14
       3990.0000   5.9391891e-14   2.4789176e-14
       4000.0000   7.6539035e-14   2.4428804e-14
       4010.0000   6.6144079e-14   2.4485050e-14
       4020.0000   6.5827286e-14   2.3653836e-14
       4030.0000   3.7577196e-14   2.2933465e-14
       4040.0000   8.1119149e-14   2.3492516e-14
       4050.0000   1.0695708e-13   2.4442560e-14
       4060.0000   8.1162197e-14   2.3816835e-14
       4070.0000   8.4470835e-14   2.3641004e-14
       4080.0000   6.8295646e-14   2.3287970e-14
       4090.0000   1.0433463e-13   2.2133443e-14
       4100.0000   8.4724017e-14   2.1402559e-14
       4110.0000   8.1334406e-14   2.1644534e-14
       4120.0000   9.0074636e-14   2.1301467e-14
       4130.0000   6.7963306e-14   2.1145925e-14
       4140.0000   1.3320804e-13   2.1064788e-14
       4150.0000   8.0386754e-14   1.9748957e-14
       4160.0000   9.8429691e-14   2.0043865e-14
       4170.0000   8.7079028e-14   2.0338934e-14
       4180.0000   9.2102749e-14   1.9547125e-14
       4190.0000   1.0213164e-13   1.9266393e-14
       4200.0000   8.3056057e-14   1.8697772e-14
       4210.0000   5.1927751e-14   1.8653075e-14
       4220.0000   5.9356067e-14   1.8644068e-14
       4230.0000   3.7623708e-14   1.8243252e-14
       4240.0000   7.5800015e-14   1.8003294e-14
       4250.0000   4.4451913e-14   1.7979664e-14
       4260.0000   8.0978395e-14   1.8345846e-14
       4270.0000   7.4378789e-14   1.7789348e-14
       4280.0000   7.4630950e-14   1.8034596e-14
       4290.0000   3.8718360e-14   1.6862338e-14
       4300.0000   6.8667709e-14   1.6467670e-14
       4310.0000   8.4258135e-14   1.7060140e-14
       4320.0000   8.6970018e-14   1.7971305e-14
       4330.0000   1.0725190e-13   1.7191798e-14
       4340.0000   8.2778519e-14   1.6563132e-14
       4350.0000   9.7316094e-14   1.7586053e-14
       4360.0000   1.2468996e-13   2.2354808e-14
       4370.0000   9.1515028e-14   1.7035755e-14
       4380.0000   1.1929132e-13   1.7039447e-14
       4390.0000   9.5532923e-14   1.6408099e-14
       4400.0000   1.2600138e-13   1.6468591e-14
       4410.0000   1.3662415e-13   1.6796171e-14
       4420.0000   1.2800235e-13   1.7005583e-14
       4430.0000   1.2011187e-13   1.6463794e-14
       4440.0000   1.5764766e-13   1.6466577e-14
       4450.0000   1.5039665e-13   1.6312195e-14
       4460.0000   1.2937601e-13   1.5706415e-14
       4470.0000   1.4372709e-13   1.5284795e-14
       4480.0000   1.6047026e-13   1.5634579e-14
       4490.0000   1.4555682e-13   1.5420290e-14
       4500.0000   1.5043281e-13   1.5513252e-14
       4510.0000   1.7918295e-13   1.5506360e-14
       4520.0000   1.6678469e-13   1.5589479e-14
       4530.0000   1.4059618e-13   1.5472262e-14
       4540.0000   1.6234743e-13   1.5406043e-14
       4550.0000   1.9566443e-13   1.5054761e-14
       4560.0000   1.8176059e-13   1.5292049e-14
       4570.0000   1.9693256e-13   1.5007627e-14
       4580.0000   1.7090230e-13   1.4740454e-14
       4590.0000   1.7817022e-13   1.4685398e-14
       4600.0000   1.8513959e-13   1.4387015e-14
       4610.0000   2.1425557e-13   1.4710677e-14
       4620.0000   2.1344779e-13   1.4487016e-14
       4630.0000   1.9969826e-13   1.4584742e-14
       4640.0000   1.7449454e-13   1.4261431e-14
       4650.0000   1.8511504e-13   1.4207021e-14
       4660.0000   2.3163421e-13   1.4677262e-14
       4670.0000   2.0437974e-13   1.4628004e-14
       4680.0000   2.0302507e-13   1.4333706e-14
       4690.0000   1.9931391e-13   1.4140747e-14
       4700.0000   2.0712520e-13   1.4580185e-14
       4710.0000   2.0967714e-13   1.4102249e-14
       4720.0000   2.0541884e-13   1.4305243e-14
       4730.0000   2.0067876e-13   1.4048468e-14
       4740.0000   2.1181022e-13   1.4048393e-14
       4750.0000   2.2122801e-13   1.3997654e-14
       4760.0000   1.9129434e-13   1.3298641e-14
       4770.0000   1.5372862e-13   1.3235201e-14
       4780.0000   1.4617115e-13   1.3197524e-14
       4790.0000   1.6877452e-13   1.3192207e-14
       4800.0000   1.8658243e-13   1.3350945e-14
       4810.0000   1.9007323e-13   1.3355634e-14
       4820.0000   1.7818758e-13   1.3552966e-14
       4830.0000   1.8828827e-13   1.3639697e-14
       4840.0000   1.8541596e-13   1.3784359e-14
       4850.0000   1.8815005e-13   1.3421037e-14
       4860.0000   1.7955459e-13   1.3227795e-14
       4870.0000   1.7075159e-13   1.3412214e-14
       4880.0000   1.8685781e-13   1.3530518e-14
       4890.0000   2.0213354e-13   1.3284204e-14
       4900.0000   2.0863331e-13   1.3133882e-14
       4910.0000   2.1095711e-13   1.2857374e-14
       4920.0000   1.9095463e-13   1.2507869e-14
       4930.0000   2.3111989e-13   1.2696369e-14
       4940.0000   2.1842280e-13   1.2671119e-14
       4950.0000   2.4925303e-13   1.2852051e-14
       4960.0000   1.8852751e-13   1.2585160e-14
       4970.0000   1.9694607e-13   1.2721373e-14
       4980.0000   1.6285756e-13   1.3135746e-14
       4990.0000   1.8975194e-13   1.2863677e-14
       5000.0000   1.7583625e-13   1.2263484e-14
       5010.0000   1.8130034e-13   1.2291236e-14
       5020.0000   1.6990409e-13   1.2154863e-14
       5030.0000   1.8516285e-13   1.1986663e-14
       5040.0000   1.7682091e-13   1.1611643e-14
       5050.0000   1.7042230e-13   1.1707184e-14
       5060.0000   2.1030332e-13   1.2064733e-14
       5070.0000   1.9746065e-13   1.2081688e-14
       5080.0000   2.0014946e-13   1.1875135e-14
       5090.0000   1.8642535e-13   1.2028832e-14
       5100.0000   1.7594654e-13   1.1759574e-14
       5110.0000   1.8252009e-13   1.1408522e-14
       5120.0000   2.0067996e-13   1.1589693e-14
       5130.0000   1.8086025e-13   1.1469185e-14
       5140.0000   2.0561781e-13   1.1504118e-14
       5150.0000   1.7601635e-13   1.1758557e-14
       5160.0000   2.2826004e-13   1.1765733e-14
       5170.0000   1.5208319e-13   1.1074926e-14
       5180.0000   1.3123476e-13   1.1227213e-14
       5190.0000   1.9973181e-13   1.1411762e-14
       5200.0000   1.7796094e-13   1.2420537e-14
       5210.0000   1.5782638e-13   1.1408797e-14
       5220.0000   2.6568437e-13   1.1745163e-14
       5230.0000   2.6795554e-13   1.1530273e-14
       5240.0000   2.6564503e-13   1.1770862e-14
       5250.0000   2.4491240e-13   1.1392964e-14
       5260.0000   2.5786566e-13   1.1516169e-14
       5270.0000   1.9229423e-13   1.0961713e-14
       5280.0000   2.8675391e-13   1.1482450e-14
       5290.0000   2.8344711e-13   1.1580924e-14
       5300.0000   2.6611041e-13   1.1675274e-14
       5310.0000   2.8959279e-13   1.1489592e-14
       5320.0000   3.1092113e-13   1.1584789e-14
       5330.0000   2.6451667e-13   1.1668324e-14
       5340.0000   2.8637831e-13   1.1279576e-14
       5350.0000   2.8064456e-13   1.1624966e-14
       5360.0000   3.1326471e-13   1.1410541e-14
       5370.0000   2.7655489e-13   1.1342539e-14
       5380.0000   3.2967412e-13   1.1620581e-14
       5390.0000   3.1509772e-13   1.1232156e-14
       5400.0000   3.3085304e-13   1.1224202e-14
       5410.0000   2.7376186e-13   1.1022920e-14
       5420.0000   3.5160954e-13   1.1373041e-14
       5430.0000   2.9853130e-13   1.1181386e-14
       5440.0000   3.5488048e-13   1.1541968e-14
       5450.0000   2.8897280e-13   1.1294507e-14
       5460.0000   2.5162728e-13   1.6724676e-14
       5470.0000   3.0516949e-13   1.1398731e-14
       5480.0000   3.0588419e-13   1.1505505e-14
       5490.0000   3.1004876e-13   1.1319930e-14
       5500.0000   2.8311604e-13   1.1396598e-14
       5510.0000   2.9611034e-13   1.1356365e-14
       5520.0000   3.1630417e-13   1.1622136e-14
       5530.0000   3.2636212e-13   1.1335392e-14
       5540.0000   3.3280936e-13   1.1533299e-14
       5550.0000   2.9548172e-13   1.1494368e-14
       5560.0000   3.2742666e-13   1.1308171e-14
       5570.0000   3.0621038e-13   1.1933205e-14
       5580.0000   3.0639920e-13   4.5782356e-14
       5590.0000   3.0335733e-13   1.1518402e-14
       5600.0000   2.6764756e-13   1.1551900e-14
       5610.0000   3.1039632e-13   1.1538967e-14
       5620.0000   3.1077672e-13   1.1375343e-14
       5630.0000   2.9817434e-13   1.1297677e-14
       5640.0000   3.2133945e-13   1.1491894e-14
       5650.0000   3.3141159e-13   1.1645170e-14
       5660.0000   3.3572116e-13   1.1684761e-14
       5670.0000   3.1172175e-13   1.2203029e-14
       5680.0000   3.3540594e-13   1.2655052e-14
       5690.0000   3.3516916e-13   1.4195398e-14
       5700.0000   3.3694314e-13   1.2585322e-14
       5710.0000   3.6568638e-13   1.2125357e-14
       5720.0000   3.7486673e-13   1.2135072e-14
       5730.0000   3.7076187e-13   1.2025913e-14
       5740.0000   3.9340698e-13   1.1987403e-14
       5750.0000   3.9238707e-13   1.2307200e-14
       5760.0000   3.8343931e-13   1.2429147e-14
       5770.0000   3.7579824e-13   1.4519201e-14
       5780.0000   3.7871366e-13   1.2919194e-14
       5790.0000   3.7503964e-13   1.5139820e-14
       5800.0000   3.9883243e-13   1.3621902e-14
       5810.0000   4.0240456e-13   1.3941809e-14
       5820.0000   3.7934693e-13   1.4267696e-14
       5830.0000   3.6299221e-13   1.4463615e-14
       5840.0000   3.7688342e-13   1.4395777e-14
       5850.0000   3.5922789e-13   1.4298315e-14
       5860.0000   3.4338077e-13   1.3717799e-14
       5870.0000   3.3015595e-13   1.3894254e-14
       5880.0000   2.8820147e-13   1.2610344e-14
       5890.0000   1.3109519e-13   2.8730935e-14
       5900.0000   2.2623175e-13   1.2881370e-14
       5910.0000   2.9357088e-13   1.1855835e-14
       5920.0000   3.1740267e-13   1.1726340e-14
       5930.0000   3.0155151e-13   1.1747127e-14
       5940.0000   3.4888106e-13   1.1626939e-14
       5950.0000   3.3472185e-13   1.1342316e-14
       5960.0000   2.9939352e-13   1.0938945e-14
       5970.0000   3.5457120e-13   1.1191728e-14
       5980.0000   3.4506553e-13   1.0905964e-14
       5990.0000   3.6542076e-13   1.0560947e-14
       6000.0000   3.5679853e-13   1.0669139e-14
       6010.0000   3.3890766e-13   1.0333597e-14
       6020.0000   3.8987927e-13   1.0238512e-14
       6030.0000   4.0524214e-13   1.0162451e-14
       6040.0000   4.0443420e-13   1.0016061e-14
       6050.0000   4.0020465e-13   1.0077702e-14
       6060.0000   4.2338582e-13   9.9273765e-15
       6070.0000   4.3226208e-13   9.7893239e-15
       6080.0000   3.9897449e-13   9.3108694e-15
       6090.0000   4.3095907e-13   9.0508162e-15
       6100.0000   3.9604871e-13   8.9189382e-15
       6110.0000   4.4312596e-13   8.7157844e-15
       6120.0000   3.7563272e-13   8.4897247e-15
       6130.0000   4.5700673e-13   8.7305475e-15
       6140.0000   4.3512398e-13   8.9353869e-15
       6150.0000   4.0004003e-13   8.7721663e-15
       6160.0000   2.9421807e-13   9.0997267e-15
       6170.0000   3.0089638e-13   9.0196866e-15
       6180.0000   3.5820157e-13   8.7341130e-15
       6190.0000   2.9333601e-13   8.6380169e-15
       6200.0000   3.1959544e-13   8.6687092e-15
       6210.0000   3.2892302e-13   8.6026848e-15
       6220.0000   2.9975283e-13   8.6350431e-15
       6230.0000   2.6463609e-13   8.0958950e-15
       6240.0000   2.6249286e-13   8.9555079e-15
       6250.0000   3.0515281e-13   7.8600148e-15
       6260.0000   3.0811165e-13   9.0423837e-15
       6270.0000   3.3008179e-13   7.6867390e-15
       6280.0000   3.2720458e-13   7.3481902e-15
       6290.0000   3.7395600e-13   8.0418759e-15
       6300.0000   3.8834051e-13   2.5070852e-14
       6310.0000   4.1113930e-13   7.9284366e-15
       6320.0000   3.9719710e-13   7.7093460e-15
       6330.0000   4.2362321e-13   8.8311010e-15
       6340.0000   4.3321381e-13   7.3091921e-15
       6350.0000   4.5189661e-13   7.7851768e-15
       6360.0000   4.0629185e-13   8.7928926e-15
       6370.0000   4.2738044e-13   7.3380910e-15
       6380.0000   3.6823303e-13   7.6406777e-15
       6390.0000   3.9246562e-13   7.2829884e-15
       6400.0000   4.3170649e-13   7.2211697e-15
       6410.0000   4.8027870e-13   7.2346455e-15
       6420.0000   4.5270258e-13   7.4145923e-15
       6430.0000   4.6608002e-13   7.0564023e-15
       6440.0000   4.2714325e-13   6.9845432e-15
       6450.0000   4.7024748e-13   7.1113378e-15
       6460.0000   4.9551939e-13   7.1874398e-15
       6470.0000   5.1783376e-13   8.0125217e-15
       6480.0000   5.0081783e-13   7.3364788e-15
       6490.0000   5.0482043e-13   6.9905955e-15
       6500.0000   4.8233925e-13   8.8211558e-15
       6510.0000   5.5406003e-13   7.2717801e-15
       6520.0000   5.4494541e-13   7.5212231e-15
       6530.0000   5.6692545e-13   7.7270041e-15
       6540.0000   5.8975273e-13   7.5139640e-15
       6550.0000   5.4095782e-13   7.6280705e-15
       6560.0000   5.2256925e-13   7.7013114e-15
       6570.0000   5.0153909e-13   7.6496550e-15
       6580.0000   5.2664204e-13   7.8624821e-15
       6590.0000   5.4942564e-13   7.3265562e-15
       6600.0000   5.3234977e-13   7.2642611e-15
       6610.0000   5.2450783e-13   6.9585423e-15
       6620.0000   5.1079262e-13   7.0049077e-15
       6630.0000   5.1628624e-13   7.0384244e-15
       6640.0000   4.9386534e-13   6.9340081e-15
       6650.0000   4.7918258e-13   6.6593877e-15
       6660.0000   4.5874681e-13   6.5068468e-15
       6670.0000   5.0064832e-13   6.6280234e-15
       6680.0000   4.3015577e-13   6.3218138e-15
       6690.0000   4.2955483e-13   6.4007044e-15
       6700.0000   4.4520159e-13   6.4719499e-15
       6710.0000   4.5647873e-13   6.5418190e-15
       6720.0000   3.7806275e-13   6.2603327e-15
       6730.0000   4.1835821e-13   6.3389198e-15
       6740.0000   4.0852503e-13   6.3828052e-15
       6750.0000   3.7170426e-13   6.2268644e-15
       6760.0000   4.0248113e-13   6.2567925e-15
       6770.0000   4.1247934e-13   6.4399046e-15
       6780.0000   4.1214818e-13   6.2877395e-15
       6790.0000   3.9275220e-13   6.3241882e-15
       6800.0000   3.9485679e-13   6.2856862e-15
       6810.0000   3.9046774e-13   6.2439388e-15
       6820.0000   3.9397251e-13   6.3194563e-15
       6830.0000   3.9732974e-13   9.1521415e-15
       6840.0000   3.8047081e-13   6.7769487e-15
       6850.0000   3.7850465e-13   6.3543696e-15
       6860.0000   3.7282112e-13   7.0146783e-15
       6870.0000   3.8163205e-13   8.7394540e-15
       6880.0000   4.0543095e-13   7.1109662e-15
       6890.0000   3.9698864e-13   7.9791213e-15
       6900.0000   3.9008421e-13   7.8235774e-15
       6910.0000   4.4461897e-13   7.2909598e-15
       6920.0000   3.9433036e-13   7.1287979e-15
       6930.0000   4.9115844e-13   6.5829390e-15
       6940.0000   4.8732499e-13   8.0129593e-15
       6950.0000   5.4047188e-13   9.5039379e-15
       6960.0000   5.0760966e-13   6.5986094e-15
       6970.0000   5.1344005e-13   7.4394500e-15
       6980.0000   5.1112458e-13   8.1087203e-15
       6990.0000   5.3230781e-13   6.6915143e-15
       7000.0000   5.4883266e-13   6.8248626e-15
       7010.0000   5.5534315e-13   7.3741900e-15
       7020.0000   5.8887475e-13   6.7346110e-15
       7030.0000   6.1525530e-13   6.9892691e-15
       7040.0000   6.4276880e-13   7.0915316e-15
       7050.0000   6.7378228e-13   7.6135630e-15
       7060.0000   5.3117193e-13   6.6546384e-15
       7070.0000   5.4775013e-13   6.7574647e-15
       7080.0000   5.6533370e-13   6.7967993e-15
       7090.0000   4.6044957e-13   6.6549082e-15
       7100.0000   4.9376697e-13   6.3174484e-15
       7110.0000   5.3399218e-13   6.4455192e-15
       7120.0000   5.5487383e-13   6.2997518e-15
       7130.0000   4.1584611e-13   6.2385858e-15
       7140.0000   4.3422428e-13   6.2098798e-15
       7150.0000   4.5299090e-13   6.3945983e-15
       7160.0000   4.6881456e-13   6.3227332e-15
       7170.0000   4.8687554e-13   6.6048290e-15
       7180.0000   5.1912477e-13   6.6935796e-15
       7190.0000   5.3114505e-13   6.6141056e-15
       7200.0000   4.7810179e-13   6.6911123e-15
       7210.0000   4.9861866e-13   6.4012683e-15
       7220.0000   5.3031456e-13   6.6302704e-15
       7230.0000   5.4686825e-13   6.9381386e-15
       7240.0000   5.6461984e-13   1.3056796e-14
       7250.0000   6.0889904e-13   8.2529125e-15
       7260.0000   6.1466278e-13   7.3257150e-15
       7270.0000   6.0116820e-13   7.6522478e-15
       7280.0000   6.4228373e-13   9.9192147e-15
       7290.0000   6.4376140e-13   8.0659021e-15
       7300.0000   6.5709218e-13   8.0127116e-15
       7310.0000   6.5385103e-13   7.9615173e-15
       7320.0000   6.9186776e-13   9.0603727e-15
       7330.0000   6.8898519e-13   1.0763675e-14
       7340.0000   7.1412610e-13   1.4771468e-14
       7350.0000   6.9771194e-13   7.8872866e-15
       7360.0000   6.8546901e-13   9.9511359e-15
       7370.0000   7.1760212e-13   1.3694108e-14
       7380.0000   7.3578458e-13   7.6076393e-15
       7390.0000   7.2131968e-13   8.7327437e-15
       7400.0000   7.0295912e-13   1.0159964e-14
       7410.0000   7.2093080e-13   7.4036470e-15
       7420.0000   7.2590592e-13   7.3399044e-15
       7430.0000   7.3788354e-13   8.7750114e-15
       7440.0000   7.5209063e-13   9.2730894e-15
       7450.0000   7.4429349e-13   7.2938844e-15
       7460.0000   7.3974876e-13   7.4519474e-15
       7470.0000   7.6021940e-13   8.4051952e-15
       7480.0000   7.4622639e-13   9.3021039e-15
       7490.0000   7.3810678e-13   7.3080980e-15
       7500.0000   7.6901403e-13   7.2320952e-15
       7510.0000   7.4923713e-13   7.1705358e-15
       7520.0000   7.7153980e-13   8.4944882e-15
       7530.0000   7.4938922e-13   8.5666428e-15
       7540.0000   7.7638915e-13   7.7243532e-15
       7550.0000   7.8577334e-13   7.3360484e-15
       7560.0000   7.7950167e-13   7.8474377e-15
       7570.0000   7.8857187e-13   9.8867033e-15
       7580.0000   7.8374547e-13   7.3528301e-15
       7590.0000   7.1349301e-13   7.4849161e-15
       7600.0000   7.4650616e-13   1.8894384e-14
       7610.0000   7.2034672e-13   1.5077028e-14
       7620.0000   7.7018035e-13   9.8778660e-15
       7630.0000   6.9466642e-13   1.3725823e-14
       7640.0000   7.0864589e-13   1.0065997e-14
       7650.0000   7.0998374e-13   9.1429193e-15
       7660.0000   7.0539744e-13   8.8273925e-15
       7670.0000   6.4927229e-13   7.5057550e-15
       7680.0000   6.6520124e-13   7.6433044e-15
       7690.0000   6.7661337e-13   7.9190868e-15
       7700.0000   5.4990930e-13   8.0945716e-15
       7710.0000   6.8018199e-13   1.0956961e-14
       7720.0000   6.5756865e-13   1.0690939e-14
       7730.0000   6.9998882e-13   7.9402212e-15
       7740.0000   7.1081939e-13   7.8039891e-15
       7750.0000   6.5757928e-13   1.7507384e-14
       7760.0000   6.5720495e-13   1.1566808e-14
       7770.0000   6.8986996e-13   8.2306758e-15
       7780.0000   6.7585918e-13   1.0235497e-14
       7790.0000   6.7429693e-13   9.4114328e-15
       7800.0000   6.7710108e-13   7.7733609e-15
       7810.0000   6.8676652e-13   1.1034097e-14
       7820.0000   7.1261176e-13   1.5738165e-14
       7830.0000   6.6685834e-13   7.8734767e-15
       7840.0000   6.8710637e-13   1.0674762e-14
       7850.0000   7.0474921e-13   1.1699211e-14
       7860.0000   7.1698194e-13   1.2184306e-14
       7870.0000   7.1862479e-13   1.3110425e-14
       7880.0000   7.4039610e-13   1.1760839e-14
       7890.0000   7.3425029e-13   1.3983904e-14
       7900.0000   7.3074724e-13   8.2883497e-15
       7910.0000   7.1828893e-13   1.1610958e-14
       7920.0000   7.1965526e-13   1.3894486e-14
       7930.0000   7.5972200e-13   1.1995263e-14
       7940.0000   7.3690092e-13   8.3626897e-15
       7950.0000   7.3828240e-13   1.1205139e-14
       7960.0000   7.4188989e-13   9.4806256e-15
       7970.0000   7.6967883e-13   9.5290877e-15
       7980.0000   7.5639471e-13   1.2869255e-14
       7990.0000   7.5986151e-13   1.1903073e-14
       8000.0000   7.4102282e-13   9.0471598e-15
       8010.0000   7.5990102e-13   8.9211540e-15
       8020.0000   7.7578505e-13   9.7136029e-15
       8030.0000   7.7232706e-13   1.0650010e-14
       8040.0000   7.7364423e-13   8.5546473e-15
       8050.0000   7.9154291e-13   1.0014005e-14
       8060.0000   8.0878021e-13   1.0842816e-14
       8070.0000   7.6673286e-13   8.6308142e-15
       8080.0000   8.0511666e-13   8.6467399e-15
       8090.0000   7.9737876e-13   8.7518464e-15
       8100.0000   8.0316015e-13   9.5036711e-15
       8110.0000   8.1990995e-13   8.7986661e-15
       8120.0000   8.1308671e-13   8.5958476e-15
       8130.0000   7.9607835e-13   8.8592844e-15
       8140.0000   8.1364733e-13   9.5414053e-15
       8150.0000   8.0389167e-13   9.2850299e-15
       8160.0000   7.8629779e-13   9.0420794e-15
       8170.0000   7.8852787e-13   9.1281309e-15
       8180.0000   7.6024918e-13   1.0067408e-14
       8190.0000   7.8035479e-13   1.0403425e-14
       8200.0000   7.7709487e-13   9.7819918e-15
       8210.0000   8.0077034e-13   9.1887748e-15
       8220.0000   7.8091954e-13   9.0696453e-15
       8230.0000   8.0989284e-13   1.0048768e-14
       8240.0000   8.0235797e-13   9.3795825e-15
       8250.0000   8.4801595e-13   9.5676731e-15
       8260.0000   8.0768299e-13   9.3466132e-15
       8270.0000   8.3142824e-13   9.4856269e-15
       8280.0000   7.8489359e-13   1.5888163e-14
       8290.0000   7.7522579e-13   1.6528630e-14
       8300.0000   7.9141580e-13   1.8550139e-14
       8310.0000   7.9911440e-13   1.3187945e-14
       8320.0000   7.6990667e-13   9.7046272e-15
       8330.0000   7.7296142e-13   9.4725128e-15
       8340.0000   8.0165061e-13   1.3616764e-14
       8350.0000   7.7789795e-13   1.5218165e-14
       8360.0000   8.0964663e-13   1.0585848e-14
       8370.0000   8.0670656e-13   1.0057795e-14
       8380.0000   7.5614648e-13   1.3337804e-14
       8390.0000   7.6071759e-13   9.9858618e-15
       8400.0000   7.7810642e-13   2.7738652e-14
       8410.0000   7.9010619e-13   1.0357346e-14
       8420.0000   7.8106848e-13   1.0834231e-14
       8430.0000   8.1814252e-13   3.1981257e-14
       8440.0000   7.7826024e-13   9.8029486e-15
       8450.0000   7.8840980e-13   1.4251839e-14
       8460.0000   7.9793165e-13   1.1306765e-14
       8470.0000   7.2007681e-13   1.2705888e-14
       8480.0000   7.5816608e-13   9.8607610e-15
       8490.0000   7.7820287e-13   1.1365436e-14
       8500.0000   6.9371552e-13   1.1094142e-14
       8510.0000   7.5432516e-13   1.1006794e-14
       8520.0000   7.2822284e-13   1.0306389e-14
       8530.0000   7.5801217e-13   9.9715805e-15
       8540.0000   6.0202286e-13   1.2271594e-14
       8550.0000   7.6118343e-13   1.3820160e-14
       8560.0000   7.5587777e-13   1.0281877e-14
       8570.0000   7.7940556e-13   1.0370097e-14
       8580.0000   7.6726285e-13   1.0571128e-14
       8590.0000   7.5548788e-13   1.1527309e-14
       8600.0000   7.6704479e-13   1.1473290e-14
       8610.0000   7.8006935e-13   1.1659001e-14
       8620.0000   7.7402496e-13   1.6452210e-14
       8630.0000   7.4478716e-13   1.9475459e-14
       8640.0000   7.6463793e-13   1.5146332e-14
       8650.0000   7.6527561e-13   1.7503139e-14
       8660.0000   6.3130758e-13   1.9487200e-14
       8670.0000   7.7461518e-13   1.8346546e-14
       8680.0000   7.7111293e-13   1.5057134e-14
       8690.0000   6.8764985e-13   1.2900195e-14
       8700.0000   7.5591931e-13   1.2777214e-14
       8710.0000   7.4259106e-13   1.2299774e-14
       8720.0000   7.5365968e-13   1.1839970e-14
       8730.0000   7.6789860e-13   1.1908113e-14
       8740.0000   7.7683159e-13   1.2335927e-14
       8750.0000   7.6889923e-13   1.2257492e-14
       8760.0000   8.0639397e-13   2.5084539e-14
       8770.0000   7.8877977e-13   2.2569849e-14
       8780.0000   7.8718384e-13   2.5204209e-14
       8790.0000   7.6386799e-13   1.8856172e-14
       8800.0000   7.5735162e-13   1.2430961e-14
       8810.0000   7.6582527e-13   1.3405900e-14
       8820.0000   7.9415152e-13   1.3901767e-14
       8830.0000   7.9164978e-13   3.1403168e-14
       8840.0000   7.5643390e-13   1.7254686e-14
       8850.0000   7.5540705e-13   1.7922558e-14
       8860.0000   7.3307814e-13   1.3309027e-14
       8870.0000   7.6645058e-13   1.9811057e-14
       8880.0000   7.9082420e-13   1.5809471e-14
       8890.0000   7.7283947e-13   2.2044751e-14
       8900.0000   7.6478967e-13   1.9359658e-14
       8910.0000   7.7115626e-13   1.4096783e-14
       8920.0000   7.9551174e-13   5.2095069e-14
       8930.0000   7.5888385e-13   1.4144718e-14
       8940.0000   7.8315452e-13   1.8701570e-14
       8950.0000   7.6297078e-13   1.3740200e-14
       8960.0000   8.0766056e-13   4.1899125e-14
       8970.0000   7.5592249e-13   1.4125523e-14
       8980.0000   7.5204125e-13   1.4310731e-14
       8990.0000   6.6560839e-13   2.1054782e-14
       9000.0000   7.2451964e-13   3.1316606e-14
       9010.0000   7.2426621e-13   1.3723160e-14
       9020.0000   7.6018043e-13   1.4116561e-14
       9030.0000   7.7627536e-13   1.4482477e-14
       9040.0000   8.4643844e-13   1.8069534e-14
       9050.0000   8.3082843e-13   2.5219962e-14
       9060.0000   8.0959915e-13   1.4527821e-14
       9070.0000   7.4381892e-13   1.4883149e-14
       9080.0000   7.3052277e-13   1.4207809e-14
       9090.0000   7.2348121e-13   1.5908008e-14
       9100.0000   7.6188844e-13   1.7496117e-14
       9110.0000   7.9041713e-13   1.5076571e-14
       9120.0000   7.5129652e-13   1.4639075e-14
       9130.0000   7.3231421e-13   1.4864126e-14
       9140.0000   7.8062919e-13   1.5299138e-14
       9150.0000   7.8019912e-13   1.6825366e-14
       9160.0000   7.8887177e-13   1.8163384e-14
       9170.0000   7.5995704e-13   1.5758390e-14
       9180.0000   8.0754260e-13   1.5652457e-14
       9190.0000   8.1941274e-13   1.1851385e-14
       9200.0000   7.7765366e-13   2.1848814e-15
       9210.0000   7.7062018e-13   2.1922099e-15
       9220.0000   7.7092288e-13   2.2651207e-15
       9230.0000   7.4713429e-13   2.3300810e-15
       9240.0000   7.6156421e-13   2.2738820e-15
       9250.0000   7.6080851e-13   2.2203884e-15
       9260.0000   7.5311737e-13   2.1951507e-15
       9270.0000   7.5468003e-13   2.1880128e-15
       9280.0000   7.5520752e-13   2.2201014e-15
       9290.0000   7.5018623e-13   2.2217301e-15
       9300.0000   7.5902074e-13   2.2868701e-15
       9310.0000   7.6338507e-13   2.3320775e-15
       9320.0000   7.5272695e-13   2.4994142e-15
       9330.0000   7.5937956e-13   2.4552105e-15
       9340.0000   7.7365019e-13   2.5273795e-15
       9350.0000   7.6343106e-13   2.5396739e-15
       9360.0000   7.4875446e-13   2.0849764e-15
       9370.0000   7.5071072e-13   2.1087953e-15
       9380.0000   7.6175389e-13   2.0021374e-15
       9390.0000   7.4829128e-13   1.8895290e-15
       9400.0000   7.4196160e-13   1.9588186e-15
       9410.0000   7.4542596e-13   1.8260755e-15
       9420.0000   7.4190395e-13   1.8140709e-15
       9430.0000   7.5698714e-13   2.1056390e-15
       9440.0000   7.4995856e-13   1.8734003e-15
       9450.0000   7.4135529e-13   1.8069148e-15
       9460.0000   7.4580611e-13   2.0091883e-15
       9470.0000   7.5539558e-13   1.7939233e-15
       9480.0000   7.5041450e-13   1.8189042e-15
       9490.0000   7.5286402e-13   1.8693150e-15
       9500.0000   7.4834505e-13   1.8619657e-15
       9510.0000   7.4728337e-13   1.7707642e-15
       9520.0000   7.5155215e-13   1.9257458e-15
       9530.0000   7.6307878e-13   1.8294434e-15
       9540.0000   7.4750324e-13   1.9591312e-15
       9550.0000   7.1282683e-13   1.9393083e-15
       9560.0000   7.5227646e-13   1.8346300e-15
       9570.0000   7.5093764e-13   1.8608436e-15
       9580.0000   7.4214967e-13   1.7438590e-15
       9590.0000   7.4265043e-13   1.6873445e-15
       9600.0000   7.1706876e-13   1.7439086e-15
       9610.0000   7.4272115e-13   1.7063789e-15
       9620.0000   7.4144626e-13   1.6585938e-15
       9630.0000   7.4312531e-13   1.7298365e-15
       9640.0000   6.8398412e-13   1.5755932e-15
       9650.0000   7.0859295e-13   1.5997857e-15
       9660.0000   7.2938363e-13   1.6614285e-15
       9670.0000   7.2996419e-13   1.6012557e-15
       9680.0000   6.9608207e-13   1.5396691e-15
       9690.0000   7.1209058e-13   1.6357294e-15
       9700.0000   7.3574717e-13   1.5726031e-15
       9710.0000   6.9824296e-13   1.5416489e-15
       9720.0000   7.2610409e-13   1.5883933e-15
       9730.0000   6.9153215e-13   1.4861293e-15
       9740.0000   7.2094728e-13   1.5821355e-15
       9750.0000   7.1657437e-13   1.5468899e-15
       9760.0000   7.3845446e-13   1.5673227e-15
       9770.0000   7.1931390e-13   1.5446091e-15
       9780.0000   7.3172898e-13   1.5426028e-15
       9790.0000   6.9264806e-13   1.4659384e-15
       9800.0000   7.4149509e-13   1.5826256e-15
       9810.0000   7.4208187e-13   1.5636131e-15
       9820.0000   7.3243046e-13   1.5212281e-15
       9830.0000   7.3440937e-13   1.5422422e-15
       9840.0000   7.4286263e-13   1.5216339e-15
       9850.0000   7.4233033e-13   1.5401287e-15
       9860.0000   7.3986009e-13   1.5278105e-15
       9870.0000   7.4570700e-13   1.5259294e-15
       9880.0000   7.4929847e-13   1.5815141e-15
       9890.0000   7.4430621e-13   1.5418999e-15
       9900.0000   7.1630272e-13   1.4894424e-15
       9910.0000   6.8832051e-13   1.4687362e-15
       9920.0000   6.7934825e-13   1.4149961e-15
       9930.0000   6.9545851e-13   1.4358787e-15
       9940.0000   7.0577771e-13   1.4492671e-15
       9950.0000   7.1802061e-13   1.4621319e-15
       9960.0000   7.0471026e-13   1.4367148e-15
       9970.0000   7.0706638e-13   1.4407527e-15
       9980.0000   7.0259636e-13   1.4073128e-15
       9990.0000   6.9560904e-13   1.4122360e-15
       10000.000   6.9557697e-13   1.4127465e-15
       10010.000   6.9616825e-13   1.4078751e-15
       10020.000   7.1140301e-13   1.4544076e-15
       10030.000   7.0818425e-13   1.4287481e-15
       10040.000   6.9520417e-13   1.4401183e-15
       10050.000   7.0359888e-13   1.5613541e-15
       10060.000   6.8121797e-13   1.4248573e-15
       10070.000   7.0179308e-13   1.4272882e-15
       10080.000   7.0891368e-13   1.4365198e-15
       10090.000   6.9590267e-13   1.3798624e-15
       10100.000   7.0592831e-13   1.4074318e-15
       10110.000   7.0032187e-13   1.3713203e-15
       10120.000   6.8911059e-13   1.3571789e-15
       10130.000   6.9995806e-13   1.3921612e-15
       10140.000   6.8769855e-13   1.3447647e-15
       10150.000   6.8548989e-13   1.3631692e-15
       10160.000   6.9071520e-13   1.3697213e-15
       10170.000   6.9275875e-13   1.3589943e-15
       10180.000   6.9677186e-13   1.5470543e-15
       10190.000   6.8951843e-13   1.3683955e-15
       10200.000   6.9562062e-13   1.3581506e-15
       10210.000   7.0107527e-13   1.3862051e-15
       10220.000   6.7719776e-13   1.3547096e-15
       10230.000   6.9023358e-13   1.3707121e-15
       10240.000   6.9737153e-13   1.3751105e-15
       10250.000   6.9132819e-13   1.5061406e-15
       10260.000   6.8429435e-13   1.3419029e-15
       10270.000   6.8878393e-13   1.3359649e-15
       10280.000   6.8383615e-13   1.3329746e-15
       10290.000   6.8792506e-13   1.3590253e-15
       10300.000   6.8484638e-13   1.3527815e-15
       10310.000   6.9305540e-13   1.3651408e-15
       10320.000   6.8571917e-13   1.3778401e-15
       10330.000   6.8722573e-13   1.3464379e-15
       10340.000   6.7275988e-13   1.3219828e-15
       10350.000   6.4027256e-13   1.3056573e-15
       10360.000   6.8343040e-13   1.3735391e-15
       10370.000   6.9314536e-13   1.3866298e-15
       10380.000   6.8207549e-13   1.3665884e-15
       10390.000   6.8682005e-13   1.3723555e-15
       10400.000   6.5158988e-13   1.3249260e-15
       10410.000   6.9245410e-13   1.3875086e-15
       10420.000   6.8442541e-13   1.3925546e-15
       10430.000   6.7286054e-13   1.3774375e-15
       10440.000   6.8520360e-13   1.3690445e-15
       10450.000   6.8463348e-13   1.3902413e-15
       10460.000   6.8276588e-13   1.3557886e-15
       10470.000   6.7405358e-13   1.3539646e-15
       10480.000   6.8085846e-13   1.3705967e-15
       10490.000   6.7943241e-13   1.3779064e-15
       10500.000   6.5482650e-13   1.3519291e-15
       10510.000   6.8066177e-13   1.3829811e-15
       10520.000   6.7000683e-13   1.3627883e-15
       10530.000   6.8454138e-13   1.3848172e-15
       10540.000   6.7993632e-13   1.3722962e-15
       10550.000   6.8024481e-13   1.4137284e-15
       10560.000   6.6826583e-13   1.3752208e-15
       10570.000   6.6956737e-13   1.4111843e-15
       10580.000   6.7557010e-13   1.3848668e-15
       10590.000   6.5541912e-13   1.3633104e-15
       10600.000   6.7484286e-13   1.4005457e-15
       10610.000   6.5901584e-13   1.3643105e-15
       10620.000   6.6975570e-13   1.3892541e-15
       10630.000   6.7367820e-13   1.4166580e-15
       10640.000   6.7404204e-13   1.4126536e-15
       10650.000   6.7006907e-13   1.3943391e-15
       10660.000   6.6303001e-13   1.3899712e-15
       10670.000   6.6183911e-13   1.3904054e-15
       10680.000   6.6036020e-13   1.3932433e-15
       10690.000   6.5790865e-13   1.3922459e-15
       10700.000   6.7039841e-13   1.4505016e-15
       10710.000   6.6257121e-13   1.4087228e-15
       10720.000   6.6706470e-13   1.4107252e-15
       10730.000   6.4351044e-13   1.3640640e-15
       10740.000   6.6867998e-13   1.4179544e-15
       10750.000   6.5947498e-13   1.3990610e-15
       10760.000   6.6294934e-13   1.4104067e-15
       10770.000   6.6415451e-13   1.4310756e-15
       10780.000   6.5318485e-13   1.4103389e-15
       10790.000   6.5559750e-13   1.4100043e-15
       10800.000   6.5945713e-13   1.4201350e-15
       10810.000   6.5598379e-13   1.4158718e-15
       10820.000   6.5602134e-13   1.4214452e-15
       10830.000   6.3899218e-13   1.4059346e-15
       10840.000   6.4541846e-13   1.4190557e-15
       10850.000   6.5274218e-13   1.4382706e-15
       10860.000   6.5680072e-13   1.4550702e-15
       10870.000   6.4923973e-13   1.4392438e-15
       10880.000   6.5516310e-13   1.4582717e-15
       10890.000   6.5226114e-13   1.4452019e-15
       10900.000   6.5148505e-13   1.4609078e-15
       10910.000   6.4561556e-13   1.4704838e-15
       10920.000   6.4875059e-13   1.5131083e-15
       10930.000   6.5597876e-13   1.5684358e-15
       10940.000   6.6377863e-13   1.6813278e-15
       10950.000   6.5869120e-13   1.5898126e-15
       10960.000   6.5362902e-13   1.5598800e-15
       10970.000   6.4308920e-13   1.5114574e-15
       10980.000   6.3952597e-13   1.5194116e-15
       10990.000   6.4167962e-13   1.5035001e-15
       11000.000   6.4278943e-13   1.5291950e-15
       11010.000   6.4409532e-13   1.5322309e-15
       11020.000   6.3851153e-13   1.6200105e-15
       11030.000   6.4504628e-13   1.5540004e-15
       11040.000   6.4549903e-13   1.5691323e-15
       11050.000   6.4183958e-13   1.5637526e-15
       11060.000   6.3798150e-13   1.5751725e-15
       11070.000   6.3447179e-13   1.5762503e-15
       11080.000   6.4086561e-13   1.5931884e-15
       11090.000   6.4425287e-13   1.6222361e-15
       11100.000   6.4379648e-13   1.6272287e-15
       11110.000   6.4149839e-13   1.6421656e-15
       11120.000   6.3472289e-13   1.6162262e-15
       11130.000   6.4365797e-13   1.7149992e-15
       11140.000   6.3631857e-13   1.6959293e-15
       11150.000   6.4319395e-13   1.7509765e-15
       11160.000   6.3208168e-13   1.6969924e-15
       11170.000   6.4656616e-13   1.8471465e-15
       11180.000   6.4613746e-13   1.7098756e-15
       11190.000   6.4629624e-13   1.8959910e-15
       11200.000   6.4135979e-13   1.8300205e-15
       11210.000   6.4281008e-13   1.7566938e-15
       11220.000   6.4611833e-13   2.0193955e-15
       11230.000   6.4040105e-13   1.9589962e-15
       11240.000   6.3243904e-13   1.2886406e-15
       11250.000   6.3397594e-13   1.2416285e-15
       11260.000   6.1366293e-13   1.2962280e-15
       11270.000   6.3977013e-13   1.1858834e-15
       11280.000   6.3383002e-13   1.2939683e-15
       11290.000   6.2373452e-13   1.1996419e-15
       11300.000   6.2024454e-13   1.2633317e-15
       11310.000   6.2679535e-13   1.1513589e-15
       11320.000   6.2934603e-13   1.1141502e-15
       11330.000   6.3195461e-13   1.1719102e-15
       11340.000   6.3270681e-13   1.2922466e-15
       11350.000   6.2903871e-13   1.6466691e-15
       11360.000   6.3567903e-13   1.2843580e-15
       11370.000   6.2359632e-13   1.0999602e-15
       11380.000   5.7987275e-13   1.0507438e-15
       11390.000   5.9524971e-13   1.0905195e-15
       11400.000   6.0062102e-13   1.1085426e-15
       11410.000   5.4839008e-13   1.0399368e-15
       11420.000   6.2042941e-13   1.1444370e-15
       11430.000   6.1507174e-13   1.0699181e-15
       11440.000   6.1140986e-13   1.1907741e-15
       11450.000   6.2454164e-13   1.1872930e-15
       11460.000   6.2314003e-13   1.1276490e-15
       11470.000   6.2053852e-13   1.2018094e-15
       11480.000   6.1525439e-13   1.1107459e-15
       11490.000   6.0588649e-13   1.0915236e-15
       11500.000   6.1611634e-13   1.1689623e-15
       11510.000   6.1763349e-13   1.1027393e-15
       11520.000   6.1696414e-13   1.0874130e-15
       11530.000   6.1025336e-13   1.1118452e-15
       11540.000   6.1338006e-13   1.1000036e-15
       11550.000   6.1104993e-13   1.0574137e-15
       11560.000   6.1062761e-13   1.0843156e-15
       11570.000   6.0858177e-13   1.0224880e-15
       11580.000   6.0932877e-13   1.0428544e-15
       11590.000   6.1263511e-13   1.0829231e-15
       11600.000   5.9764662e-13   1.0056882e-15
       11610.000   5.7643005e-13   9.8342566e-16
       11620.000   6.0376208e-13   1.0194182e-15
       11630.000   6.0386846e-13   9.9743663e-16
       11640.000   5.8284750e-13   9.7630077e-16
       11650.000   6.0466133e-13   1.0302759e-15
       11660.000   5.9588650e-13   9.8587935e-16
       11670.000   5.9876802e-13   1.0021864e-15
       11680.000   5.9749180e-13   9.9057803e-16
       11690.000   5.7802609e-13   9.4841571e-16
       11700.000   5.9559368e-13   9.9822497e-16
       11710.000   5.9710904e-13   9.7197136e-16
       11720.000   5.9635272e-13   9.9216878e-16
       11730.000   5.9701327e-13   9.8267344e-16
       11740.000   5.9703077e-13   9.8022668e-16
       11750.000   5.9602751e-13   9.6413717e-16
       11760.000   5.8442384e-13   9.5681783e-16
       11770.000   5.7827486e-13   9.6160114e-16
       11780.000   5.6964003e-13   9.4952905e-16
       11790.000   5.8264201e-13   9.6020776e-16
       11800.000   5.7999939e-13   9.5540064e-16
       11810.000   5.9030504e-13   9.9701594e-16
       11820.000   5.8764009e-13   1.0185523e-15
       11830.000   5.2787068e-13   9.2099794e-16
       11840.000   5.7899778e-13   9.8958495e-16
       11850.000   5.8348559e-13   9.9064358e-16
       11860.000   5.8515682e-13   9.7199900e-16
       11870.000   5.8334640e-13   9.7076342e-16
       11880.000   5.7870307e-13   9.6012306e-16
       11890.000   5.5424408e-13   9.2530264e-16
       11900.000   5.7504689e-13   9.4726044e-16
       11910.000   5.8013022e-13   9.4044455e-16
       11920.000   5.8084871e-13   9.4241679e-16
       11930.000   5.7879721e-13   9.4310370e-16
       11940.000   5.7607540e-13   9.2494726e-16
       11950.000   5.6382549e-13   9.2428057e-16
       11960.000   5.6693012e-13   1.0123845e-15
       11970.000   5.6487043e-13   9.1246708e-16
       11980.000   5.3628471e-13   8.8003189e-16
       11990.000   5.6236820e-13   9.1780279e-16
