       3000.0000   4.8959446e-15       0.0000000
       3010.0000   5.0446034e-15       0.0000000
       3020.0000   5.1964606e-15       0.0000000
       3030.0000   5.3515489e-15       0.0000000
       3040.0000   5.5099006e-15       0.0000000
       3050.0000   5.6715473e-15       0.0000000
       3060.0000   5.8365205e-15       0.0000000
       3070.0000   6.0048510e-15       0.0000000
       3080.0000   6.1765691e-15       0.0000000
       3090.0000   6.3517048e-15       0.0000000
       3100.0000   6.5302874e-15       0.0000000
       3110.0000   6.7123458e-15       0.0000000
       3120.0000   6.8979083e-15       0.0000000
       3130.0000   7.0870028e-15       0.0000000
       3140.0000   7.2796566e-15       0.0000000
       3150.0000   7.4758963e-15       0.0000000
       3160.0000   7.6757480e-15       0.0000000
       3170.0000   7.8792375e-15       0.0000000
       3180.0000   8.0863897e-15       0.0000000
       3190.0000   8.2972289e-15       0.0000000
       3200.0000   8.5117791e-15       0.0000000
       3210.0000   8.7300634e-15       0.0000000
       3220.0000   8.9521044e-15       0.0000000
       3230.0000   9.1779241e-15       0.0000000
       3240.0000   9.4075439e-15       0.0000000
       3250.0000   9.6409845e-15       0.0000000
       3260.0000   9.8782659e-15       0.0000000
       3270.0000   1.0119408e-14       0.0000000
       3280.0000   1.0364428e-14       0.0000000
       3290.0000   1.0613346e-14       0.0000000
       3300.0000   1.0866179e-14       0.0000000
       3310.0000   1.1122943e-14       0.0000000
       3320.0000   1.1383654e-14       0.0000000
       3330.0000   1.1648329e-14       0.0000000
       3340.0000   1.1916981e-14       0.0000000
       3350.0000   1.2189626e-14       0.0000000
       3360.0000   1.2466275e-14       0.0000000
       3370.0000   1.2746943e-14       0.0000000
       3380.0000   1.3031640e-14       0.0000000
       3390.0000   1.3320379e-14       0.0000000
       3400.0000   1.3613170e-14       0.0000000
       3410.0000   1.3910023e-14       0.0000000
       3420.0000   1.4210946e-14       0.0000000
       3430.0000   1.4515950e-14       0.0000000
       3440.0000   1.4825041e-14       0.0000000
       3450.0000   1.5138226e-14       0.0000000
       3460.0000   1.5455513e-14       0.0000000
       3470.0000   1.5776906e-14       0.0000000
       3480.0000   1.6102412e-14       0.0000000
       3490.0000   1.6432033e-14       0.0000000
       3500.0000   1.6765774e-14       0.0000000
       3510.0000   1.7103638e-14       0.0000000
       3520.0000   1.7445626e-14       0.0000000
       3530.0000   1.7791741e-14       0.0000000
       3540.0000   1.8141984e-14       0.0000000
       3550.0000   1.8496353e-14       0.0000000
       3560.0000   1.8854850e-14       0.0000000
       3570.0000   1.9217472e-14       0.0000000
       3580.0000   1.9584217e-14       0.0000000
       3590.0000   1.9955084e-14       0.0000000
       3600.0000   2.0330068e-14       0.0000000
       3610.0000   2.0709166e-14       0.0000000
       3620.0000   2.1092373e-14       0.0000000
       3630.0000   2.1479684e-14       0.0000000
       3640.0000   2.1871093e-14       0.0000000
       3650.0000   2.2266593e-14       0.0000000
       3660.0000   2.2666177e-14       0.0000000
       3670.0000   2.3069836e-14       0.0000000
       3680.0000   2.3477563e-14       0.0000000
       3690.0000   2.3889348e-14       0.0000000
       3700.0000   2.4305180e-14       0.0000000
       3710.0000   2.4725051e-14       0.0000000
       3720.0000   2.5148948e-14       0.0000000
       3730.0000   2.5576859e-14       0.0000000
       3740.0000   2.6008773e-14       0.0000000
       3750.0000   2.6444676e-14       0.0000000
       3760.0000   2.6884554e-14       0.0000000
       3770.0000   2.7328394e-14       0.0000000
       3780.0000   2.7776180e-14       0.0000000
       3790.0000   2.8227898e-14       0.0000000
       3800.0000   2.8683530e-14       0.0000000
       3810.0000   2.9143061e-14       0.0000000
       3820.0000   2.9606474e-14       0.0000000
       3830.0000   5.5383607e-15   1.5587615e-14
       3840.0000   1.3450975e-14   1.4469931e-14
       3850.0000   1.9136877e-14   1.3860645e-14
       3860.0000   1.9700127e-14   1.2763011e-14
       3870.0000   1.4044534e-14   1.2501822e-14
       3880.0000   2.0891208e-14   1.2377722e-14
       3890.0000   2.6179208e-14   1.2296627e-14
       3900.0000   3.3185057e-14   1.2663650e-14
       3910.0000   3.3971549e-14   1.2458615e-14
       3920.0000   2.0100593e-14   1.1444938e-14
       3930.0000   6.6710204e-15   1.0503505e-14
       3940.0000   1.4528397e-14   1.1217919e-14
       3950.0000   1.0293705e-14   1.1323148e-14
       3960.0000   1.2071006e-14   1.1675338e-14
       3970.0000   2.9152898e-14   1.0359905e-14
       3980.0000   3.5099250e-14   1.0436866e-14
       3990.0000   1.6535283e-14   9.7121975e-15
       4000.0000   4.6131601e-14   9.6418664e-15
       4010.0000   3.8670778e-14   9.4627624e-15
       4020.0000   3.4314513e-14   9.4290524e-15
       4030.0000   2.1775935e-14   9.2719549e-15
       4040.0000   3.8504815e-14   9.6830731e-15
       4050.0000   4.0923234e-14   9.8160942e-15
       4060.0000   3.8273146e-14   9.3368684e-15
       4070.0000   3.7388689e-14   9.3150465e-15
       4080.0000   2.9308987e-14   9.0496588e-15
       4090.0000   3.8514580e-14   8.8170130e-15
       4100.0000   3.2958669e-14   8.1997511e-15
       4110.0000   3.7324554e-14   8.8134354e-15
       4120.0000   2.9791718e-14   8.2126134e-15
       4130.0000   2.1272919e-14   8.1223449e-15
       4140.0000   3.1973736e-14   8.1563373e-15
       4150.0000   2.4836753e-14   7.7978164e-15
       4160.0000   2.7676861e-14   7.9068670e-15
       4170.0000   3.4554905e-14   7.9106525e-15
       4180.0000   3.1163581e-14   7.6386900e-15
       4190.0000   4.1004832e-14   7.5246907e-15
       4200.0000   3.3846049e-14   7.2548012e-15
       4210.0000   2.3740601e-14   7.3787124e-15
       4220.0000   2.4884435e-14   7.0439488e-15
       4230.0000   6.9642803e-15   7.0222135e-15
       4240.0000   2.7541071e-14   6.9095443e-15
       4250.0000   2.0717923e-14   6.9000654e-15
       4260.0000   2.6297444e-14   6.8476430e-15
       4270.0000   3.5796981e-14   6.7373116e-15
       4280.0000   2.7661527e-14   6.8556230e-15
       4290.0000   2.2039284e-14   6.5735187e-15
       4300.0000   2.9686639e-14   6.4235139e-15
       4310.0000   2.8613463e-14   6.4840650e-15
       4320.0000   4.0905784e-14   6.9127443e-15
       4330.0000   3.2932897e-14   6.6850141e-15
       4340.0000   3.2132401e-14   6.3591680e-15
       4350.0000   4.9345198e-14   6.7217501e-15
       4360.0000   2.6140744e-14   8.7712645e-15
       4370.0000   3.5955042e-14   6.5523082e-15
       4380.0000   4.1455472e-14   6.5844491e-15
       4390.0000   4.2442186e-14   6.4129368e-15
       4400.0000   4.5092149e-14   6.3823291e-15
       4410.0000   4.3110656e-14   6.5108964e-15
       4420.0000   4.0127907e-14   6.6327689e-15
       4430.0000   5.4168734e-14   6.2529062e-15
       4440.0000   4.4145079e-14   6.3803389e-15
       4450.0000   5.6456672e-14   6.1858988e-15
       4460.0000   4.8981374e-14   5.9371675e-15
       4470.0000   5.6594932e-14   5.8640573e-15
       4480.0000   5.9922085e-14   5.7754069e-15
       4490.0000   6.3336835e-14   5.8358048e-15
       4500.0000   6.7356342e-14   5.8792958e-15
       4510.0000   6.5410575e-14   5.9650131e-15
       4520.0000   6.1157554e-14   5.8396508e-15
       4530.0000   6.3529107e-14   5.8373058e-15
       4540.0000   6.8657848e-14   5.9168745e-15
       4550.0000   6.4058106e-14   5.7138617e-15
       4560.0000   7.4080504e-14   5.9399456e-15
       4570.0000   8.0589716e-14   5.6470947e-15
       4580.0000   7.1915547e-14   5.6562298e-15
       4590.0000   7.1281272e-14   5.5251474e-15
       4600.0000   7.3330956e-14   5.4181240e-15
       4610.0000   8.1785839e-14   5.4665633e-15
       4620.0000   8.9566099e-14   5.5092974e-15
       4630.0000   7.2797229e-14   5.4935485e-15
       4640.0000   7.9441849e-14   5.3799009e-15
       4650.0000   7.7386032e-14   5.4063535e-15
       4660.0000   8.5014800e-14   5.6437729e-15
       4670.0000   7.8702416e-14   5.4803002e-15
       4680.0000   6.6936973e-14   5.3812326e-15
       4690.0000   8.3847119e-14   5.4798554e-15
       4700.0000   8.0528958e-14   5.3449775e-15
       4710.0000   8.4990176e-14   5.4387491e-15
       4720.0000   8.0635411e-14   5.4561804e-15
       4730.0000   8.5166362e-14   5.2951002e-15
       4740.0000   8.6083946e-14   5.2498164e-15
       4750.0000   9.1351094e-14   5.1246108e-15
       4760.0000   7.0932672e-14   5.0817057e-15
       4770.0000   6.0412576e-14   4.9297606e-15
       4780.0000   5.2974702e-14   5.1163662e-15
       4790.0000   6.6870542e-14   4.8905587e-15
       4800.0000   7.4888579e-14   4.9688289e-15
       4810.0000   6.3904039e-14   4.9437494e-15
       4820.0000   6.8684314e-14   5.1211914e-15
       4830.0000   7.3205481e-14   5.1052945e-15
       4840.0000   7.2175556e-14   5.2654845e-15
       4850.0000   7.4517253e-14   5.0505679e-15
       4860.0000   7.2751306e-14   4.9099552e-15
       4870.0000   7.7449637e-14   4.9829035e-15
       4880.0000   7.9261852e-14   5.1022151e-15
       4890.0000   7.7436306e-14   4.9402284e-15
       4900.0000   7.7573551e-14   4.9155492e-15
       4910.0000   9.7752482e-14   4.7693908e-15
       4920.0000   8.2744611e-14   4.6692114e-15
       4930.0000   1.1133812e-13   4.7562359e-15
       4940.0000   9.4013845e-14   4.7039048e-15
       4950.0000   1.1340644e-13   4.6999402e-15
       4960.0000   6.2169447e-14   4.5664813e-15
       4970.0000   7.5667782e-14   4.6779509e-15
       4980.0000   7.4864883e-14   4.8868166e-15
       4990.0000   8.1913722e-14   4.8040037e-15
       5000.0000   6.4228377e-14   4.5219523e-15
       5010.0000   7.4589860e-14   4.5500493e-15
       5020.0000   7.5668352e-14   4.5871053e-15
       5030.0000   8.3477097e-14   4.4107031e-15
       5040.0000   6.9188996e-14   4.3014082e-15
       5050.0000   8.0490492e-14   4.3554104e-15
       5060.0000   9.1298113e-14   4.4928806e-15
       5070.0000   7.8671990e-14   4.4631559e-15
       5080.0000   7.8760581e-14   4.3913448e-15
       5090.0000   8.2527505e-14   4.4467996e-15
       5100.0000   8.6568517e-14   4.3918945e-15
       5110.0000   8.2564318e-14   4.2609756e-15
       5120.0000   8.4435564e-14   4.3392446e-15
       5130.0000   7.7290423e-14   4.2496915e-15
       5140.0000   8.5594745e-14   4.2593330e-15
       5150.0000   8.3656855e-14   4.3546451e-15
       5160.0000   1.0808523e-13   4.3269866e-15
       5170.0000   5.6316304e-14   4.0848964e-15
       5180.0000   5.3731059e-14   4.1919651e-15
       5190.0000   8.0231186e-14   4.2408120e-15
       5200.0000   8.4347265e-14   4.7213056e-15
       5210.0000   6.3734061e-14   4.1546539e-15
       5220.0000   1.0817777e-13   4.2485628e-15
       5230.0000   1.2283969e-13   4.2473136e-15
       5240.0000   1.1402738e-13   4.3543090e-15
       5250.0000   1.0668104e-13   4.1492306e-15
       5260.0000   1.1293631e-13   4.1895667e-15
       5270.0000   7.8331852e-14   4.0897388e-15
       5280.0000   1.1565286e-13   4.1692870e-15
       5290.0000   1.2262610e-13   4.1633369e-15
       5300.0000   1.2685526e-13   4.2831376e-15
       5310.0000   1.2179130e-13   4.2665558e-15
       5320.0000   1.2427761e-13   4.2463177e-15
       5330.0000   1.1123025e-13   4.2133885e-15
       5340.0000   1.2262012e-13   4.2058091e-15
       5350.0000   1.2618042e-13   4.2425826e-15
       5360.0000   1.2928669e-13   4.1688066e-15
       5370.0000   1.1956904e-13   4.1295818e-15
       5380.0000   1.4647687e-13   4.2398476e-15
       5390.0000   1.4897485e-13   4.2137501e-15
       5400.0000   1.4989394e-13   4.0596367e-15
       5410.0000   1.2515828e-13   4.0766322e-15
       5420.0000   1.5721769e-13   4.1399554e-15
       5430.0000   1.3420658e-13   4.0673568e-15
       5440.0000   1.6096824e-13   4.1929887e-15
       5450.0000   1.0309667e-13   4.0593161e-15
       5460.0000   1.0856538e-13   5.6833723e-15
       5470.0000   1.1407161e-13   4.1520837e-15
       5480.0000   1.2715641e-13   4.1272196e-15
       5490.0000   1.3482711e-13   4.1093437e-15
       5500.0000   1.0670623e-13   4.1368156e-15
       5510.0000   1.1555507e-13   4.1098291e-15
       5520.0000   1.1904797e-13   4.4449927e-15
       5530.0000   1.2055858e-13   4.0508996e-15
       5540.0000   1.1424676e-13   4.0605383e-15
       5550.0000   1.1939167e-13   4.1485595e-15
       5560.0000   1.2967613e-13   4.1041771e-15
       5570.0000   1.2683218e-13   4.3749146e-15
       5580.0000   1.2714765e-13   2.0221028e-14
       5590.0000   1.2793713e-13   4.2100254e-15
       5600.0000   1.0854077e-13   4.1003917e-15
       5610.0000   1.2613242e-13   4.1083021e-15
       5620.0000   1.2462690e-13   4.0847196e-15
       5630.0000   1.1999046e-13   4.0460764e-15
       5640.0000   1.2433830e-13   4.1696906e-15
       5650.0000   1.3354146e-13   4.1357218e-15
       5660.0000   1.3338664e-13   4.1577749e-15
       5670.0000   1.2354265e-13   4.3803276e-15
       5680.0000   1.3225725e-13   4.4780141e-15
       5690.0000   1.3576101e-13   5.0318365e-15
       5700.0000   1.4119505e-13   4.5183201e-15
       5710.0000   1.4962484e-13   4.3096164e-15
       5720.0000   1.4972812e-13   4.3113499e-15
       5730.0000   1.5755363e-13   4.6684686e-15
       5740.0000   1.6207790e-13   4.3147421e-15
       5750.0000   1.6097019e-13   4.4368374e-15
       5760.0000   1.5049522e-13   4.4355406e-15
       5770.0000   1.5004166e-13   5.2208398e-15
       5780.0000   1.5318942e-13   4.6677106e-15
       5790.0000   1.5013691e-13   5.3249935e-15
       5800.0000   1.7247694e-13   4.9959891e-15
       5810.0000   1.6421755e-13   4.9941300e-15
       5820.0000   1.4483483e-13   5.1042670e-15
       5830.0000   1.5275801e-13   5.0092876e-15
       5840.0000   1.5448607e-13   5.0274689e-15
       5850.0000   1.3069671e-13   5.0073939e-15
       5860.0000   1.3320165e-13   4.8540886e-15
       5870.0000   1.1869701e-13   5.1264748e-15
       5880.0000   1.0123315e-13   4.4425866e-15
       5890.0000   4.2446550e-14   9.7403654e-15
       5900.0000   7.1568351e-14   4.7816891e-15
       5910.0000   1.0384802e-13   4.2376965e-15
       5920.0000   1.0895259e-13   4.1793633e-15
       5930.0000   1.0745061e-13   4.1619097e-15
       5940.0000   1.2772930e-13   4.0505577e-15
       5950.0000   1.1508917e-13   4.0331674e-15
       5960.0000   1.1668929e-13   3.9084702e-15
       5970.0000   1.2348684e-13   3.9610863e-15
       5980.0000   1.2121783e-13   3.9122032e-15
       5990.0000   1.3485888e-13   3.7934572e-15
       6000.0000   1.3457473e-13   3.8426144e-15
       6010.0000   1.4069016e-13   3.6519281e-15
       6020.0000   1.5030840e-13   3.6553847e-15
       6030.0000   1.4866297e-13   3.6778612e-15
       6040.0000   1.4593421e-13   3.5714889e-15
       6050.0000   1.6650858e-13   3.5570589e-15
       6060.0000   1.6265854e-13   3.5119613e-15
       6070.0000   1.6190240e-13   3.4205682e-15
       6080.0000   1.5707998e-13   3.3180837e-15
       6090.0000   1.6412146e-13   3.1879071e-15
       6100.0000   1.6946120e-13   3.2343602e-15
       6110.0000   1.6486524e-13   3.2367923e-15
       6120.0000   1.4813568e-13   3.0023849e-15
       6130.0000   1.7290854e-13   3.0624089e-15
       6140.0000   1.7833720e-13   3.3469089e-15
       6150.0000   1.5766152e-13   3.1342166e-15
       6160.0000   1.0956607e-13   3.2107720e-15
       6170.0000   1.0233176e-13   3.2093014e-15
       6180.0000   1.2917976e-13   3.0301162e-15
       6190.0000   9.5629650e-14   3.0711399e-15
       6200.0000   1.0532115e-13   3.0405002e-15
       6210.0000   1.0986483e-13   2.9845842e-15
       6220.0000   9.6265417e-14   3.0611554e-15
       6230.0000   8.6506433e-14   2.8627533e-15
       6240.0000   1.0209276e-13   3.2680600e-15
       6250.0000   1.0836431e-13   2.7992374e-15
       6260.0000   1.1047545e-13   3.3963863e-15
       6270.0000   1.2108053e-13   2.7263861e-15
       6280.0000   1.1817321e-13   2.6385508e-15
       6290.0000   1.3753687e-13   2.9835489e-15
       6300.0000   1.3725209e-13   8.1830655e-15
       6310.0000   1.6145280e-13   2.9245942e-15
       6320.0000   1.6409140e-13   2.6964771e-15
       6330.0000   1.7465522e-13   3.2689851e-15
       6340.0000   1.8087860e-13   2.5786046e-15
       6350.0000   1.9345895e-13   2.8182433e-15
       6360.0000   1.6779068e-13   2.9503136e-15
       6370.0000   1.6897922e-13   2.6294167e-15
       6380.0000   1.4536875e-13   2.6859953e-15
       6390.0000   1.5646127e-13   2.6074052e-15
       6400.0000   1.8573837e-13   2.5271452e-15
       6410.0000   1.9783981e-13   2.5631618e-15
       6420.0000   1.9177237e-13   2.6120254e-15
       6430.0000   2.0290982e-13   2.6115076e-15
       6440.0000   1.9382234e-13   2.4336140e-15
       6450.0000   1.9479028e-13   2.4988612e-15
       6460.0000   2.1526145e-13   2.5902714e-15
       6470.0000   2.3036286e-13   2.9136137e-15
       6480.0000   2.3079094e-13   2.6161001e-15
       6490.0000   2.2964024e-13   2.5305655e-15
       6500.0000   2.2020194e-13   3.2720148e-15
       6510.0000   2.5005767e-13   2.5889063e-15
       6520.0000   2.5198064e-13   2.6044498e-15
       6530.0000   2.6304222e-13   2.7362473e-15
       6540.0000   2.7887136e-13   2.6602074e-15
       6550.0000   2.5096051e-13   2.6832738e-15
       6560.0000   2.4949301e-13   2.7125471e-15
       6570.0000   2.3150704e-13   2.7715854e-15
       6580.0000   2.3266847e-13   2.9282257e-15
       6590.0000   2.4151203e-13   2.7371851e-15
       6600.0000   2.2985603e-13   2.6245610e-15
       6610.0000   2.3510129e-13   2.4559906e-15
       6620.0000   2.2219132e-13   2.4585968e-15
       6630.0000   2.1580914e-13   2.4668164e-15
       6640.0000   2.1885786e-13   2.4318666e-15
       6650.0000   1.9375617e-13   2.3238336e-15
       6660.0000   1.8887813e-13   2.3107646e-15
       6670.0000   2.0753711e-13   2.3607038e-15
       6680.0000   1.7492785e-13   2.2302116e-15
       6690.0000   1.6980450e-13   2.2110037e-15
       6700.0000   1.8458954e-13   2.2596656e-15
       6710.0000   1.8369502e-13   2.2765187e-15
       6720.0000   1.4699094e-13   2.1633087e-15
       6730.0000   1.6225928e-13   2.2094654e-15
       6740.0000   1.6671996e-13   2.2197962e-15
       6750.0000   1.4731923e-13   2.1799674e-15
       6760.0000   1.5536778e-13   2.1860108e-15
       6770.0000   1.6674962e-13   2.2717263e-15
       6780.0000   1.6303538e-13   2.2274928e-15
       6790.0000   1.5058758e-13   2.2083073e-15
       6800.0000   1.5642619e-13   2.1782204e-15
       6810.0000   1.5725810e-13   2.1909054e-15
       6820.0000   1.5314559e-13   2.2304193e-15
       6830.0000   1.6068481e-13   3.4677746e-15
       6840.0000   1.6712588e-13   2.5005252e-15
       6850.0000   1.5268441e-13   2.2341283e-15
       6860.0000   1.5351464e-13   2.3940049e-15
       6870.0000   1.5303227e-13   3.0694940e-15
       6880.0000   1.6800780e-13   2.7513275e-15
       6890.0000   1.6870745e-13   2.9399825e-15
       6900.0000   1.6425267e-13   2.6945932e-15
       6910.0000   1.8405304e-13   2.4863029e-15
       6920.0000   1.7276742e-13   2.4477742e-15
       6930.0000   2.1049554e-13   2.3225761e-15
       6940.0000   2.1743424e-13   2.9130719e-15
       6950.0000   2.3386435e-13   3.5628368e-15
       6960.0000   2.2941146e-13   2.3253656e-15
       6970.0000   2.3449532e-13   2.7259029e-15
       6980.0000   2.4704646e-13   3.1252480e-15
       6990.0000   2.4273202e-13   2.4229730e-15
       7000.0000   2.5637195e-13   2.4472442e-15
       7010.0000   2.6296290e-13   2.6286902e-15
       7020.0000   2.7925474e-13   2.4378348e-15
       7030.0000   3.0311584e-13   2.4732908e-15
       7040.0000   3.3120496e-13   2.5640012e-15
       7050.0000   3.4054703e-13   2.8770897e-15
       7060.0000   2.2592418e-13   2.3616509e-15
       7070.0000   2.5374547e-13   2.4767168e-15
       7080.0000   2.6724457e-13   2.4611269e-15
       7090.0000   1.8216134e-13   2.4133939e-15
       7100.0000   2.1150663e-13   2.2697229e-15
       7110.0000   2.3470115e-13   2.2667256e-15
       7120.0000   2.4997355e-13   2.2551198e-15
       7130.0000   1.6995563e-13   2.2280533e-15
       7140.0000   1.7587968e-13   2.1554027e-15
       7150.0000   1.8623791e-13   2.2425312e-15
       7160.0000   1.9372198e-13   2.2106712e-15
       7170.0000   2.1370282e-13   2.3310594e-15
       7180.0000   2.2399250e-13   2.3583753e-15
       7190.0000   2.4050770e-13   2.3690688e-15
       7200.0000   2.1089202e-13   2.3240417e-15
       7210.0000   2.1819522e-13   2.3075715e-15
       7220.0000   2.4478346e-13   2.3131680e-15
       7230.0000   2.4773951e-13   2.4509453e-15
       7240.0000   2.5547831e-13   5.1351471e-15
       7250.0000   2.7967161e-13   3.1095692e-15
       7260.0000   2.8306534e-13   2.6408666e-15
       7270.0000   2.9287058e-13   2.7686729e-15
       7280.0000   2.9441757e-13   4.1420475e-15
       7290.0000   3.1582482e-13   3.1509832e-15
       7300.0000   3.2172143e-13   2.8835916e-15
       7310.0000   3.3233147e-13   2.8461220e-15
       7320.0000   3.4535710e-13   3.8902767e-15
       7330.0000   3.5480581e-13   4.0503439e-15
       7340.0000   3.6607488e-13   5.1858209e-15
       7350.0000   3.6524044e-13   2.8149636e-15
       7360.0000   3.5872283e-13   3.9435964e-15
       7370.0000   3.7421041e-13   5.1469836e-15
       7380.0000   3.7960208e-13   2.7312633e-15
       7390.0000   3.8583002e-13   3.1039079e-15
       7400.0000   3.8575860e-13   3.5297894e-15
       7410.0000   3.8520065e-13   2.6706201e-15
       7420.0000   3.9297958e-13   2.6483128e-15
       7430.0000   3.9597705e-13   3.1974616e-15
       7440.0000   3.8884188e-13   3.5641164e-15
       7450.0000   3.9287326e-13   2.6661830e-15
       7460.0000   3.9231260e-13   2.7318476e-15
       7470.0000   4.0486243e-13   3.1167580e-15
       7480.0000   3.9682974e-13   3.3839191e-15
       7490.0000   3.9599033e-13   2.6805132e-15
       7500.0000   4.2648958e-13   2.6160350e-15
       7510.0000   4.1786535e-13   2.5975533e-15
       7520.0000   4.1936422e-13   2.9597407e-15
       7530.0000   4.1158066e-13   3.1463478e-15
       7540.0000   4.3083888e-13   2.8091732e-15
       7550.0000   4.2609671e-13   2.6969448e-15
       7560.0000   4.3534242e-13   3.0098310e-15
       7570.0000   4.2602014e-13   3.4568960e-15
       7580.0000   4.3285346e-13   2.6628457e-15
       7590.0000   3.6984567e-13   2.7994271e-15
       7600.0000   3.9120862e-13   6.9069008e-15
       7610.0000   3.8704741e-13   5.7217466e-15
       7620.0000   4.0878288e-13   3.6507185e-15
       7630.0000   3.4580824e-13   5.8242120e-15
       7640.0000   3.6203426e-13   3.6574993e-15
       7650.0000   3.5407998e-13   3.2515987e-15
       7660.0000   3.5245985e-13   3.2006018e-15
       7670.0000   3.1175676e-13   2.7374470e-15
       7680.0000   3.2673806e-13   2.8241053e-15
       7690.0000   3.3636627e-13   2.8268572e-15
       7700.0000   2.5173987e-13   2.9390252e-15
       7710.0000   3.3189133e-13   3.5908712e-15
       7720.0000   3.3594311e-13   4.5763552e-15
       7730.0000   3.4850432e-13   3.1691883e-15
       7740.0000   3.6340398e-13   2.8425651e-15
       7750.0000   3.1836573e-13   6.2257052e-15
       7760.0000   3.3453875e-13   4.2529078e-15
       7770.0000   3.4734196e-13   2.9329844e-15
       7780.0000   3.4864009e-13   3.6024480e-15
       7790.0000   3.4031608e-13   3.1909138e-15
       7800.0000   3.4146510e-13   2.9609420e-15
       7810.0000   3.6530087e-13   4.3330701e-15
       7820.0000   3.6495852e-13   5.2616503e-15
       7830.0000   3.3849770e-13   2.8656218e-15
       7840.0000   3.5498653e-13   3.7765235e-15
       7850.0000   3.6014528e-13   4.0608429e-15
       7860.0000   3.6528740e-13   4.4569434e-15
       7870.0000   3.6717152e-13   4.7369203e-15
       7880.0000   3.7689721e-13   4.4500790e-15
       7890.0000   3.9396525e-13   5.1433489e-15
       7900.0000   3.8251231e-13   2.9917147e-15
       7910.0000   3.6900878e-13   3.9256532e-15
       7920.0000   3.9718676e-13   4.7889381e-15
       7930.0000   3.9388708e-13   4.1803467e-15
       7940.0000   3.9993272e-13   3.0021874e-15
       7950.0000   3.8858004e-13   4.2775723e-15
       7960.0000   3.9718990e-13   3.1882999e-15
       7970.0000   4.0856986e-13   3.7980387e-15
       7980.0000   4.1403258e-13   5.0079890e-15
       7990.0000   4.0574346e-13   4.0017879e-15
       8000.0000   4.2060690e-13   3.3608290e-15
       8010.0000   4.1981713e-13   3.1933282e-15
       8020.0000   4.2201084e-13   3.4524352e-15
       8030.0000   4.3020123e-13   4.4718459e-15
       8040.0000   4.2946676e-13   3.1167610e-15
       8050.0000   4.4589647e-13   3.4906189e-15
       8060.0000   4.4778387e-13   3.8027002e-15
       8070.0000   4.3842106e-13   3.0664556e-15
       8080.0000   4.5371376e-13   3.1992003e-15
       8090.0000   4.5554087e-13   3.1460436e-15
       8100.0000   4.5629637e-13   3.3773849e-15
       8110.0000   4.5628907e-13   3.1511674e-15
       8120.0000   4.5870928e-13   3.1175091e-15
       8130.0000   4.6533362e-13   3.1989881e-15
       8140.0000   4.7045453e-13   3.4755588e-15
       8150.0000   4.6679543e-13   3.5023676e-15
       8160.0000   4.5696708e-13   3.3682183e-15
       8170.0000   4.6521696e-13   3.3244454e-15
       8180.0000   4.2243666e-13   3.5806036e-15
       8190.0000   4.3051708e-13   3.7394466e-15
       8200.0000   4.3367312e-13   3.5631121e-15
       8210.0000   4.4821612e-13   3.3114596e-15
       8220.0000   4.4525307e-13   3.2557707e-15
       8230.0000   4.5906955e-13   3.7019493e-15
       8240.0000   4.7089888e-13   3.4431336e-15
       8250.0000   4.8374371e-13   3.5025724e-15
       8260.0000   4.7172863e-13   3.3635732e-15
       8270.0000   4.6980806e-13   3.4224426e-15
       8280.0000   4.5273995e-13   5.9036125e-15
       8290.0000   4.3586718e-13   6.6747130e-15
       8300.0000   4.4640548e-13   7.4390274e-15
       8310.0000   4.5835457e-13   4.7418358e-15
       8320.0000   4.4150851e-13   3.5660623e-15
       8330.0000   4.5115347e-13   3.4484750e-15
       8340.0000   4.5516957e-13   4.5754723e-15
       8350.0000   4.4452374e-13   5.4893588e-15
       8360.0000   4.4974416e-13   3.8724013e-15
       8370.0000   4.5893995e-13   3.6948970e-15
       8380.0000   4.3314650e-13   4.7087843e-15
       8390.0000   4.3865475e-13   3.6345447e-15
       8400.0000   4.4226235e-13   1.0658539e-14
       8410.0000   4.3840849e-13   3.6242718e-15
       8420.0000   4.3594182e-13   4.1841078e-15
       8430.0000   4.4194673e-13   1.1080808e-14
       8440.0000   4.2716408e-13   3.5504872e-15
       8450.0000   4.2062976e-13   4.8910267e-15
       8460.0000   4.2007539e-13   4.0359317e-15
       8470.0000   3.9811972e-13   5.2440303e-15
       8480.0000   4.1053605e-13   3.5849199e-15
       8490.0000   4.2354420e-13   3.9308438e-15
       8500.0000   3.8567629e-13   3.9383602e-15
       8510.0000   4.1272765e-13   4.3241712e-15
       8520.0000   4.0587732e-13   3.6957273e-15
       8530.0000   4.1318274e-13   3.5913436e-15
       8540.0000   3.5747501e-13   4.5745582e-15
       8550.0000   4.2366965e-13   5.6752616e-15
       8560.0000   4.1542795e-13   3.6997168e-15
       8570.0000   4.2717034e-13   3.7765457e-15
       8580.0000   4.2449373e-13   3.9475203e-15
       8590.0000   4.3671896e-13   4.4431049e-15
       8600.0000   4.3246569e-13   4.4897002e-15
       8610.0000   4.3523735e-13   4.3387015e-15
       8620.0000   4.4339089e-13   6.2138289e-15
       8630.0000   4.4984803e-13   8.0911016e-15
       8640.0000   4.4561593e-13   5.9497536e-15
       8650.0000   4.3604659e-13   6.5888923e-15
       8660.0000   3.7741084e-13   7.4764819e-15
       8670.0000   4.3473023e-13   6.9916657e-15
       8680.0000   4.3793749e-13   5.6985472e-15
       8690.0000   3.9715169e-13   4.8433437e-15
       8700.0000   4.3587711e-13   4.6785979e-15
       8710.0000   4.3132121e-13   4.5553038e-15
       8720.0000   4.3565661e-13   4.2912018e-15
       8730.0000   4.3798212e-13   4.3836659e-15
       8740.0000   4.4457427e-13   4.5109310e-15
       8750.0000   4.4029201e-13   4.4201436e-15
       8760.0000   4.7327893e-13   8.9971724e-15
       8770.0000   4.4922763e-13   9.8293073e-15
       8780.0000   4.4309078e-13   1.1273363e-14
       8790.0000   4.6271995e-13   6.6408999e-15
       8800.0000   4.4755611e-13   4.6676177e-15
       8810.0000   4.6211117e-13   4.8660633e-15
       8820.0000   4.4876910e-13   4.8923362e-15
       8830.0000   4.7333478e-13   1.6679749e-14
       8840.0000   4.5788142e-13   7.7781873e-15
       8850.0000   4.6990915e-13   6.6418057e-15
       8860.0000   4.2803091e-13   4.7817321e-15
       8870.0000   4.2628985e-13   8.8365765e-15
       8880.0000   4.2848988e-13   5.0636974e-15
       8890.0000   4.5286463e-13   1.1572922e-14
       8900.0000   4.3982053e-13   6.3993743e-15
       8910.0000   4.5168294e-13   5.3532437e-15
       8920.0000   4.6581577e-13   2.1665488e-14
       8930.0000   4.6233446e-13   5.1736221e-15
       8940.0000   4.4521673e-13   6.1240703e-15
       8950.0000   4.4793522e-13   5.3253102e-15
       8960.0000   4.5280603e-13   2.0298171e-14
       8970.0000   4.2686710e-13   5.1127537e-15
       8980.0000   4.4435931e-13   5.1767880e-15
       8990.0000   3.8083477e-13   8.5809167e-15
       9000.0000   4.1821873e-13   1.0906261e-14
       9010.0000   4.3748552e-13   5.0602452e-15
       9020.0000   4.5109488e-13   5.0786280e-15
       9030.0000   4.6586523e-13   5.2484153e-15
       9040.0000   4.8179583e-13   7.3262148e-15
       9050.0000   5.0982073e-13   9.9676471e-15
       9060.0000   4.6794268e-13   5.3153248e-15
       9070.0000   4.2863805e-13   5.4021298e-15
       9080.0000   4.3138333e-13   5.2322668e-15
       9090.0000   4.4312498e-13   5.5901908e-15
       9100.0000   4.4427838e-13   6.1123936e-15
       9110.0000   4.8200439e-13   5.5401982e-15
       9120.0000   4.5346076e-13   5.2679740e-15
       9130.0000   4.3484514e-13   5.2665475e-15
       9140.0000   4.8131097e-13   5.4943849e-15
       9150.0000   4.5386163e-13   6.0024710e-15
       9160.0000   5.0111795e-13   6.6075643e-15
       9170.0000   4.7457405e-13   5.8033639e-15
       9180.0000   4.8513706e-13   5.8266894e-15
       9190.0000   4.9891241e-13   4.1291873e-15
       9200.0000   4.7560294e-13   5.7645625e-15
       9210.0000   4.3288098e-13   9.0088016e-15
       9220.0000   4.1012312e-13   1.0809795e-14
       9230.0000   4.1080506e-13   1.0916278e-14
       9240.0000   4.1148699e-13   1.1022761e-14
       9250.0000   4.1216893e-13   1.1129244e-14
       9260.0000   4.1222712e-13   1.1442513e-14
       9270.0000   4.1224262e-13   1.1769935e-14
       9280.0000   4.1225812e-13   1.2097358e-14
       9290.0000   4.1572966e-13   1.2431843e-14
       9300.0000   4.2449419e-13   1.2777142e-14
       9310.0000   4.3325873e-13   1.3122442e-14
       9320.0000   4.4202327e-13   1.3467741e-14
       9330.0000   4.4081784e-13   1.3665891e-14
       9340.0000   4.3767100e-13   1.3835386e-14
       9350.0000   4.3452415e-13   1.4004882e-14
       9360.0000   4.3012193e-13   1.4116685e-14
       9370.0000   4.2218379e-13   1.4065992e-14
       9380.0000   4.1424565e-13   1.4015298e-14
       9390.0000   4.0630752e-13   1.3964605e-14
       9400.0000   4.0568807e-13   1.4118813e-14
       9410.0000   4.0867302e-13   1.4373935e-14
       9420.0000   4.1165798e-13   1.4629057e-14
       9430.0000   4.1505400e-13   1.4840520e-14
       9440.0000   4.2477378e-13   1.4380330e-14
       9450.0000   4.3449357e-13   1.3920141e-14
       9460.0000   4.4421335e-13   1.3459951e-14
       9470.0000   4.4937401e-13   1.3221660e-14
       9480.0000   4.4861447e-13   1.3271511e-14
       9490.0000   4.4785493e-13   1.3321363e-14
       9500.0000   4.4709539e-13   1.3371215e-14
       9510.0000   4.4768820e-13   1.2995534e-14
       9520.0000   4.4863410e-13   1.2508753e-14
       9530.0000   4.4957999e-13   1.2021972e-14
       9540.0000   4.4914564e-13   1.1570063e-14
       9550.0000   4.3986453e-13   1.1341663e-14
       9560.0000   4.3058343e-13   1.1113262e-14
       9570.0000   4.2130232e-13   1.0884862e-14
       9580.0000   4.1573136e-13   1.0669372e-14
       9590.0000   4.1449939e-13   1.0468981e-14
       9600.0000   4.1326742e-13   1.0268591e-14
       9610.0000   4.1203545e-13   1.0068200e-14
       9620.0000   4.1379435e-13   1.0026055e-14
       9630.0000   4.1644160e-13   1.0030913e-14
       9640.0000   4.1908886e-13   1.0035770e-14
       9650.0000   4.2135137e-13   1.0034396e-14
       9660.0000   4.1808314e-13   9.9434267e-15
       9670.0000   4.1481491e-13   9.8524575e-15
       9680.0000   4.1154667e-13   9.7614884e-15
       9690.0000   4.1113192e-13   9.6926240e-15
       9700.0000   4.1615767e-13   9.6659051e-15
       9710.0000   4.2118341e-13   9.6391861e-15
       9720.0000   4.2620916e-13   9.6124672e-15
       9730.0000   4.2555307e-13   9.6276405e-15
       9740.0000   4.2121878e-13   9.6699333e-15
       9750.0000   4.1688449e-13   9.7122261e-15
       9760.0000   4.1255020e-13   9.7545189e-15
       9770.0000   4.1041412e-13   9.6975145e-15
       9780.0000   4.0864796e-13   9.6238002e-15
       9790.0000   4.0688180e-13   9.5500858e-15
       9800.0000   4.0599213e-13   9.4799826e-15
       9810.0000   4.1407808e-13   9.4468587e-15
       9820.0000   4.2216403e-13   9.4137347e-15
       9830.0000   4.3024998e-13   9.3806107e-15
       9840.0000   4.3406913e-13   9.3712556e-15
       9850.0000   4.2825810e-13   9.4155465e-15
       9860.0000   4.2244707e-13   9.4598375e-15
       9870.0000   4.1663604e-13   9.5041284e-15
       9880.0000   4.1291446e-13   9.5748433e-15
       9890.0000   4.1119210e-13   9.6708410e-15
       9900.0000   4.0946973e-13   9.7668386e-15
       9910.0000   4.0774737e-13   9.8628363e-15
       9920.0000   4.0854618e-13   9.8970678e-15
       9930.0000   4.1042549e-13   9.9048280e-15
       9940.0000   4.1230481e-13   9.9125883e-15
       9950.0000   4.1418412e-13   9.9203486e-15
       9960.0000   4.1277219e-13   9.8959518e-15
       9970.0000   4.1089009e-13   9.8669611e-15
       9980.0000   4.0900798e-13   9.8379705e-15
       9990.0000   4.0704594e-13   9.8038051e-15
       10000.000   4.0300398e-13   9.6350004e-15
       10010.000   3.9896203e-13   9.4661958e-15
       10020.000   3.9492007e-13   9.2973911e-15
       10030.000   3.9170886e-13   9.1396899e-15
       10040.000   3.9228264e-13   9.0325777e-15
       10050.000   3.9285642e-13   8.9254655e-15
       10060.000   3.9343020e-13   8.8183533e-15
       10070.000   3.9542470e-13   8.7548445e-15
       10080.000   4.0043794e-13   8.7839846e-15
       10090.000   4.0545118e-13   8.8131247e-15
       10100.000   4.1046442e-13   8.8422648e-15
       10110.000   4.1266044e-13   8.8985979e-15
       10120.000   4.1127006e-13   8.9895486e-15
       10130.000   4.0987968e-13   9.0804992e-15
       10140.000   4.0848930e-13   9.1714499e-15
       10150.000   4.0793715e-13   9.2252491e-15
       10160.000   4.0809894e-13   9.2474058e-15
       10170.000   4.0826072e-13   9.2695624e-15
       10180.000   4.0842251e-13   9.2917191e-15
       10190.000   4.0782536e-13   9.3417963e-15
       10200.000   4.0680121e-13   9.4075829e-15
       10210.000   4.0577705e-13   9.4733695e-15
       10220.000   4.0475289e-13   9.5391560e-15
       10230.000   4.0494948e-13   9.5399009e-15
       10240.000   4.0562075e-13   9.5153542e-15
       10250.000   4.0629201e-13   9.4908075e-15
       10260.000   4.0696328e-13   9.4662609e-15
       10270.000   4.0692541e-13   9.3982611e-15
       10280.000   4.0669908e-13   9.3187132e-15
       10290.000   4.0647275e-13   9.2391654e-15
       10300.000   4.0624642e-13   9.1596175e-15
       10310.000   4.0965999e-13   9.1961046e-15
       10320.000   4.1376666e-13   9.2546872e-15
       10330.000   4.1787334e-13   9.3132698e-15
       10340.000   4.2198001e-13   9.3718524e-15
       10350.000   4.2125592e-13   9.2939015e-15
       10360.000   4.1993500e-13   9.1990824e-15
       10370.000   4.1861409e-13   9.1042633e-15
       10380.000   4.1729317e-13   9.0094442e-15
       10390.000   4.1073027e-13   9.0016981e-15
       10400.000   4.0371167e-13   9.0015216e-15
       10410.000   3.9669307e-13   9.0013451e-15
       10420.000   3.8967448e-13   9.0011686e-15
       10430.000   3.9336501e-13   8.8941389e-15
       10440.000   3.9773981e-13   8.7802816e-15
       10450.000   4.0211462e-13   8.6664244e-15
       10460.000   4.0648942e-13   8.5525672e-15
       10470.000   4.0931518e-13   8.3639296e-15
       10480.000   4.1205940e-13   8.1713563e-15
       10490.000   4.1480362e-13   7.9787829e-15
       10500.000   4.1754785e-13   7.7862095e-15
       10510.000   4.1881941e-13   7.6331853e-15
       10520.000   4.1999687e-13   7.4826880e-15
       10530.000   4.2117433e-13   7.3321908e-15
       10540.000   4.2235179e-13   7.1816936e-15
       10550.000   4.1709986e-13   7.0269369e-15
       10560.000   4.1136385e-13   6.8718596e-15
       10570.000   4.0562785e-13   6.7167822e-15
       10580.000   3.9989184e-13   6.5617048e-15
       10590.000   4.0401279e-13   6.5050214e-15
       10600.000   4.0922896e-13   6.4592707e-15
       10610.000   4.1444513e-13   6.4135200e-15
       10620.000   4.1966130e-13   6.3677693e-15
       10630.000   4.1942831e-13   6.4980758e-15
       10640.000   4.1838121e-13   6.6546851e-15
       10650.000   4.1733412e-13   6.8112944e-15
       10660.000   4.1628702e-13   6.9679038e-15
       10670.000   4.1240575e-13   7.0843933e-15
       10680.000   4.0790242e-13   7.1920773e-15
       10690.000   4.0339910e-13   7.2997613e-15
       10700.000   3.9889577e-13   7.4074452e-15
       10710.000   4.0033274e-13   7.4936286e-15
       10720.000   4.0364600e-13   7.5730209e-15
       10730.000   4.0695926e-13   7.6524131e-15
       10740.000   4.1027251e-13   7.7318054e-15
       10750.000   4.0779474e-13   7.8591589e-15
       10760.000   4.0283393e-13   8.0070769e-15
       10770.000   3.9787313e-13   8.1549949e-15
       10780.000   3.9291233e-13   8.3029128e-15
       10790.000   3.9098179e-13   8.3580737e-15
       10800.000   3.9090836e-13   8.3563882e-15
       10810.000   3.9083493e-13   8.3547027e-15
       10820.000   3.9076149e-13   8.3530172e-15
       10830.000   3.9473810e-13   8.3767106e-15
       10840.000   4.0230654e-13   8.4229115e-15
       10850.000   4.0987498e-13   8.4691125e-15
       10860.000   4.1744342e-13   8.5153135e-15
       10870.000   4.1733647e-13   8.5186061e-15
       10880.000   4.0705433e-13   8.4650155e-15
       10890.000   3.9677220e-13   8.4114250e-15
       10900.000   3.8649006e-13   8.3578344e-15
       10910.000   3.8033585e-13   8.2891681e-15
       10920.000   3.8256333e-13   8.1898909e-15
       10930.000   3.8479080e-13   8.0906137e-15
       10940.000   3.8701828e-13   7.9913365e-15
       10950.000   3.8836183e-13   7.9128842e-15
       10960.000   3.8638135e-13   7.9127456e-15
       10970.000   3.8440086e-13   7.9126070e-15
       10980.000   3.8242037e-13   7.9124685e-15
       10990.000   3.8076177e-13   7.9074229e-15
       11000.000   3.8235623e-13   7.8527861e-15
       11010.000   3.8395068e-13   7.7981492e-15
       11020.000   3.8554513e-13   7.7435123e-15
       11030.000   3.8713958e-13   7.6888755e-15
       11040.000   3.8559109e-13   7.5613994e-15
       11050.000   3.8391185e-13   7.4308930e-15
       11060.000   3.8223260e-13   7.3003865e-15
       11070.000   3.8055335e-13   7.1698801e-15
       11080.000   3.8430526e-13   7.0928865e-15
       11090.000   3.8924921e-13   7.0276380e-15
       11100.000   3.9419316e-13   6.9623895e-15
       11110.000   3.9913711e-13   6.8971411e-15
       11120.000   4.0028794e-13   6.8650677e-15
       11130.000   3.9956986e-13   6.8493400e-15
       11140.000   3.9885177e-13   6.8336124e-15
       11150.000   3.9813369e-13   6.8178847e-15
       11160.000   3.9792870e-13   6.8122468e-15
       11170.000   3.9821657e-13   6.8163007e-15
       11180.000   3.9850444e-13   6.8203545e-15
       11190.000   3.9879231e-13   6.8244083e-15
       11200.000   3.9851165e-13   6.8763749e-15
       11210.000   3.9712707e-13   7.0213726e-15
       11220.000   3.9574248e-13   7.1663704e-15
       11230.000   3.9435790e-13   7.3113682e-15
       11240.000   3.9250092e-13   7.4712258e-15
       11250.000   3.8833782e-13   7.7036249e-15
       11260.000   3.8417471e-13   7.9360239e-15
       11270.000   3.8001161e-13   8.1684229e-15
       11280.000   3.7584851e-13   8.4008219e-15
       11290.000   3.7708952e-13   8.3785102e-15
       11300.000   3.7838543e-13   8.3536105e-15
       11310.000   3.7968135e-13   8.3287107e-15
       11320.000   3.8097726e-13   8.3038109e-15
       11330.000   3.7954201e-13   8.3668483e-15
       11340.000   3.7742397e-13   8.4518699e-15
       11350.000   3.7530593e-13   8.5368915e-15
       11360.000   3.7318788e-13   8.6219131e-15
       11370.000   3.7284873e-13   8.6746849e-15
       11380.000   3.7364663e-13   8.7068430e-15
       11390.000   3.7444452e-13   8.7390011e-15
       11400.000   3.7524241e-13   8.7711593e-15
       11410.000   3.7691654e-13   8.7548254e-15
       11420.000   3.7985128e-13   8.6687272e-15
       11430.000   3.8278603e-13   8.5826289e-15
       11440.000   3.8572077e-13   8.4965307e-15
       11450.000   3.8722446e-13   8.4401151e-15
       11460.000   3.8300743e-13   8.5023576e-15
       11470.000   3.7879040e-13   8.5646000e-15
       11480.000   3.7457337e-13   8.6268425e-15
       11490.000   3.7035634e-13   8.6890850e-15
       11500.000   3.7125549e-13   8.5726743e-15
       11510.000   3.7225863e-13   8.4526322e-15
       11520.000   3.7326177e-13   8.3325901e-15
       11530.000   3.7426491e-13   8.2125480e-15
       11540.000   3.7512515e-13   8.1123323e-15
       11550.000   3.7594028e-13   8.0183756e-15
       11560.000   3.7675540e-13   7.9244188e-15
       11570.000   3.7757053e-13   7.8304621e-15
       11580.000   3.7398526e-13   7.7384002e-15
       11590.000   3.6665208e-13   7.6479523e-15
       11600.000   3.5931891e-13   7.5575045e-15
       11610.000   3.5198573e-13   7.4670566e-15
       11620.000   3.4837071e-13   7.3538962e-15
       11630.000   3.5343138e-13   7.1877399e-15
       11640.000   3.5849204e-13   7.0215836e-15
       11650.000   3.6355271e-13   6.8554273e-15
       11660.000   3.6816491e-13   6.6898620e-15
       11670.000   3.6681176e-13   6.5321573e-15
       11680.000   3.6545860e-13   6.3744527e-15
       11690.000   3.6410544e-13   6.2167481e-15
       11700.000   3.6275229e-13   6.0590435e-15
       11710.000   3.6107891e-13   5.9299775e-15
       11720.000   3.5933526e-13   5.8071971e-15
       11730.000   3.5759160e-13   5.6844167e-15
       11740.000   3.5584794e-13   5.5616364e-15
       11750.000   3.5524826e-13   5.4534377e-15
       11760.000   3.5551150e-13   5.3562383e-15
       11770.000   3.5577475e-13   5.2590390e-15
       11780.000   3.5603800e-13   5.1618396e-15
       11790.000   3.5487774e-13   5.0742464e-15
       11800.000   3.5069283e-13   5.0070642e-15
       11810.000   3.4650791e-13   4.9398820e-15
       11820.000   3.4232300e-13   4.8726999e-15
       11830.000   3.3865189e-13   4.8069236e-15
       11840.000   3.4303594e-13   4.7631882e-15
       11850.000   3.4741999e-13   4.7194529e-15
       11860.000   3.5180404e-13   4.6757175e-15
       11870.000   3.5618809e-13   4.6319821e-15
       11880.000   3.5672180e-13   4.7136822e-15
       11890.000   3.5629351e-13   4.8267220e-15
       11900.000   3.5586522e-13   4.9397618e-15
       11910.000   3.5543693e-13   5.0528016e-15
       11920.000   3.5314747e-13   5.2081306e-15
       11930.000   3.4920740e-13   5.4009643e-15
       11940.000   3.4526733e-13   5.5937980e-15
       11950.000   3.4132726e-13   5.7866316e-15
       11960.000   3.3971326e-13   5.9501116e-15
       11970.000   3.4471759e-13   6.0300717e-15
       11980.000   3.4972193e-13   6.1100319e-15
       11990.000   3.5472626e-13   6.1899920e-15
