       3000.0000   1.9415028e-15       0.0000000
       3010.0000   2.0055436e-15       0.0000000
       3020.0000   2.0711377e-15       0.0000000
       3030.0000   2.1383060e-15       0.0000000
       3040.0000   2.2070693e-15       0.0000000
       3050.0000   2.2774482e-15       0.0000000
       3060.0000   2.3494635e-15       0.0000000
       3070.0000   2.4231355e-15       0.0000000
       3080.0000   2.4984845e-15       0.0000000
       3090.0000   2.5755306e-15       0.0000000
       3100.0000   2.6542939e-15       0.0000000
       3110.0000   2.7347942e-15       0.0000000
       3120.0000   2.8170512e-15       0.0000000
       3130.0000   2.9010844e-15       0.0000000
       3140.0000   2.9869130e-15       0.0000000
       3150.0000   3.0745562e-15       0.0000000
       3160.0000   3.1640329e-15       0.0000000
       3170.0000   3.2553619e-15       0.0000000
       3180.0000   3.3485615e-15       0.0000000
       3190.0000   3.4436502e-15       0.0000000
       3200.0000   3.5406460e-15       0.0000000
       3210.0000   3.6395666e-15       0.0000000
       3220.0000   3.7404298e-15       0.0000000
       3230.0000   3.8432528e-15       0.0000000
       3240.0000   3.9480528e-15       0.0000000
       3250.0000   4.0548466e-15       0.0000000
       3260.0000   4.1636507e-15       0.0000000
       3270.0000   4.2744816e-15       0.0000000
       3280.0000   4.3873552e-15       0.0000000
       3290.0000   4.5022874e-15       0.0000000
       3300.0000   4.6192937e-15       0.0000000
       3310.0000   4.7383891e-15       0.0000000
       3320.0000   4.8595887e-15       0.0000000
       3330.0000   4.9829071e-15       0.0000000
       3340.0000   5.1083585e-15       0.0000000
       3350.0000   5.2359571e-15       0.0000000
       3360.0000   5.3657164e-15       0.0000000
       3370.0000   5.4976500e-15       0.0000000
       3380.0000   5.6317707e-15       0.0000000
       3390.0000   5.7680915e-15       0.0000000
       3400.0000   5.9066247e-15       0.0000000
       3410.0000   6.0473824e-15       0.0000000
       3420.0000   6.1903764e-15       0.0000000
       3430.0000   6.3356180e-15       0.0000000
       3440.0000   6.4831185e-15       0.0000000
       3450.0000   6.6328884e-15       0.0000000
       3460.0000   6.7849383e-15       0.0000000
       3470.0000   6.9392782e-15       0.0000000
       3480.0000   7.0959177e-15       0.0000000
       3490.0000   7.2548663e-15       0.0000000
       3500.0000   7.4161328e-15       0.0000000
       3510.0000   7.5797261e-15       0.0000000
       3520.0000   7.7456542e-15       0.0000000
       3530.0000   7.9139252e-15       0.0000000
       3540.0000   8.0845466e-15       0.0000000
       3550.0000   8.2575257e-15       0.0000000
       3560.0000   8.4328691e-15       0.0000000
       3570.0000   8.6105835e-15       0.0000000
       3580.0000   8.7906749e-15       0.0000000
       3590.0000   8.9731489e-15       0.0000000
       3600.0000   9.1580111e-15       0.0000000
       3610.0000   9.3452663e-15       0.0000000
       3620.0000   9.5349193e-15       0.0000000
       3630.0000   9.7269741e-15       0.0000000
       3640.0000   9.9214348e-15       0.0000000
       3650.0000   1.0118305e-14       0.0000000
       3660.0000   1.0317587e-14       0.0000000
       3670.0000   1.0519285e-14       0.0000000
       3680.0000   1.0723400e-14       0.0000000
       3690.0000   1.0929935e-14       0.0000000
       3700.0000   1.1138892e-14       0.0000000
       3710.0000   1.1350271e-14       0.0000000
       3720.0000   1.1564073e-14       0.0000000
       3730.0000   1.1780299e-14       0.0000000
       3740.0000   1.1998950e-14       0.0000000
       3750.0000   1.2220025e-14       0.0000000
       3760.0000   1.2443523e-14       0.0000000
       3770.0000   1.2669444e-14       0.0000000
       3780.0000   1.2897786e-14       0.0000000
       3790.0000   1.3128548e-14       0.0000000
       3800.0000   1.3361728e-14       0.0000000
       3810.0000   1.3597323e-14       0.0000000
       3820.0000   1.3835330e-14       0.0000000
       3830.0000   9.1288045e-15   7.7330484e-15
       3840.0000   8.1696549e-16   6.9909163e-15
       3850.0000   1.1285587e-14   6.6637491e-15
       3860.0000   5.9771396e-15   6.3254686e-15
       3870.0000   8.2555420e-15   6.0985811e-15
       3880.0000   1.4235276e-14   5.9784955e-15
       3890.0000   5.1824646e-15   5.9746304e-15
       3900.0000   5.4136796e-15   5.9453775e-15
       3910.0000   1.3995196e-14   6.0255544e-15
       3920.0000   5.1788017e-15   5.4931842e-15
       3930.0000   6.1137691e-15   5.0430983e-15
       3940.0000   1.4959089e-14   5.4372244e-15
       3950.0000   8.7617684e-15   5.6192996e-15
       3960.0000   1.2771120e-14   5.7810727e-15
       3970.0000   8.5424806e-15   4.9405737e-15
       3980.0000   1.5831807e-14   5.0028375e-15
       3990.0000   9.4432790e-15   4.7122326e-15
       4000.0000   1.6051438e-14   4.6835695e-15
       4010.0000   1.6805762e-14   4.6233731e-15
       4020.0000   1.2656713e-14   4.6582989e-15
       4030.0000   1.2502719e-14   4.4986716e-15
       4040.0000   1.8116922e-14   4.5195810e-15
       4050.0000   1.4663354e-14   4.8179592e-15
       4060.0000   1.7537462e-14   4.5606252e-15
       4070.0000   1.3275949e-14   4.5413354e-15
       4080.0000   1.4750583e-14   4.3720469e-15
       4090.0000   1.1549073e-14   4.2104185e-15
       4100.0000   1.4379236e-14   4.0436104e-15
       4110.0000   1.4037672e-14   4.1223431e-15
       4120.0000   1.1590570e-14   4.0053147e-15
       4130.0000   9.6248008e-15   3.9564652e-15
       4140.0000   1.4051139e-14   3.8969620e-15
       4150.0000   1.3155473e-14   3.6829592e-15
       4160.0000   1.3366473e-14   3.7764290e-15
       4170.0000   1.0493301e-14   3.8836035e-15
       4180.0000   1.2700477e-14   3.7076384e-15
       4190.0000   1.1350394e-14   3.5576843e-15
       4200.0000   8.9339992e-15   3.5438288e-15
       4210.0000   1.4919370e-14   3.5861006e-15
       4220.0000   6.3523125e-15   3.4966617e-15
       4230.0000   5.6851740e-15   3.4637917e-15
       4240.0000   1.4166746e-14   3.3464982e-15
       4250.0000   1.0629638e-14   3.3718384e-15
       4260.0000   1.3706817e-14   3.3221405e-15
       4270.0000   1.4109627e-14   3.4940793e-15
       4280.0000   1.5947761e-14   3.2757075e-15
       4290.0000   7.7069064e-15   3.0937885e-15
       4300.0000   1.2866246e-14   3.1451068e-15
       4310.0000   1.3607598e-14   3.1932091e-15
       4320.0000   1.6512029e-14   3.4172557e-15
       4330.0000   1.5110042e-14   3.1950531e-15
       4340.0000   2.0336922e-14   3.0838000e-15
       4350.0000   1.3761115e-14   3.2714953e-15
       4360.0000   2.1362804e-14   4.3704064e-15
       4370.0000   1.8570307e-14   3.2209340e-15
       4380.0000   1.6488721e-14   3.1450218e-15
       4390.0000   1.6889640e-14   3.0531173e-15
       4400.0000   1.8379573e-14   3.1026984e-15
       4410.0000   2.0018079e-14   3.2029162e-15
       4420.0000   2.2870699e-14   3.1467899e-15
       4430.0000   2.2345093e-14   3.0792345e-15
       4440.0000   2.4015525e-14   3.0500035e-15
       4450.0000   2.5100954e-14   3.0179971e-15
       4460.0000   1.8183565e-14   2.8499952e-15
       4470.0000   2.6224020e-14   2.8524844e-15
       4480.0000   2.6357120e-14   2.8164118e-15
       4490.0000   2.6263306e-14   2.8197857e-15
       4500.0000   3.0102345e-14   2.8869142e-15
       4510.0000   3.0359125e-14   2.8661342e-15
       4520.0000   2.9461935e-14   2.8421438e-15
       4530.0000   2.8111414e-14   2.9105850e-15
       4540.0000   3.2897961e-14   2.8871671e-15
       4550.0000   2.7506855e-14   2.7932831e-15
       4560.0000   3.8157075e-14   2.8089390e-15
       4570.0000   3.5785354e-14   2.7222187e-15
       4580.0000   3.7007198e-14   2.7531706e-15
       4590.0000   3.2983302e-14   2.6831946e-15
       4600.0000   3.2452861e-14   2.6511753e-15
       4610.0000   3.7055147e-14   2.6890356e-15
       4620.0000   4.3159597e-14   2.6620027e-15
       4630.0000   3.0814233e-14   2.6270382e-15
       4640.0000   3.3612984e-14   2.6649283e-15
       4650.0000   2.9255398e-14   2.5653092e-15
       4660.0000   4.1003303e-14   2.7627925e-15
       4670.0000   3.1558102e-14   2.6726736e-15
       4680.0000   3.3621947e-14   2.6358869e-15
       4690.0000   3.6010695e-14   2.6379990e-15
       4700.0000   4.0680905e-14   2.6165251e-15
       4710.0000   3.9965616e-14   2.6291573e-15
       4720.0000   3.4899060e-14   2.5877579e-15
       4730.0000   3.7798930e-14   2.5382842e-15
       4740.0000   4.0449211e-14   2.5672736e-15
       4750.0000   3.8715037e-14   2.4887771e-15
       4760.0000   2.7993441e-14   2.4239872e-15
       4770.0000   2.3822656e-14   2.3875886e-15
       4780.0000   2.4908180e-14   2.4438788e-15
       4790.0000   3.2734924e-14   2.4931329e-15
       4800.0000   3.5518119e-14   2.4057615e-15
       4810.0000   2.5641509e-14   2.3797462e-15
       4820.0000   3.1206996e-14   2.4837555e-15
       4830.0000   3.2272747e-14   2.4755543e-15
       4840.0000   3.6338131e-14   2.5206831e-15
       4850.0000   3.1112936e-14   2.4405143e-15
       4860.0000   3.5736972e-14   2.3926324e-15
       4870.0000   3.3125750e-14   2.4196341e-15
       4880.0000   3.5417072e-14   2.4450775e-15
       4890.0000   4.1517822e-14   2.3531074e-15
       4900.0000   3.8368579e-14   2.3343701e-15
       4910.0000   4.8115268e-14   2.2840012e-15
       4920.0000   4.1727348e-14   2.2142622e-15
       4930.0000   5.1279112e-14   2.3674565e-15
       4940.0000   4.8793708e-14   2.3283633e-15
       4950.0000   5.4853845e-14   2.2755792e-15
       4960.0000   2.7729041e-14   2.2218379e-15
       4970.0000   3.3611272e-14   2.3163442e-15
       4980.0000   3.3097880e-14   2.4297021e-15
       4990.0000   4.0367262e-14   2.3303734e-15
       5000.0000   3.0296118e-14   2.2234819e-15
       5010.0000   3.4634627e-14   2.1978987e-15
       5020.0000   3.4784236e-14   2.2312952e-15
       5030.0000   3.7676899e-14   2.1489476e-15
       5040.0000   3.6647745e-14   2.0846785e-15
       5050.0000   3.7083387e-14   2.1028641e-15
       5060.0000   4.3962703e-14   2.1677201e-15
       5070.0000   3.9411833e-14   2.2095854e-15
       5080.0000   4.1245626e-14   2.0951651e-15
       5090.0000   4.1450107e-14   2.1455988e-15
       5100.0000   3.7930909e-14   2.1534739e-15
       5110.0000   4.1228922e-14   2.0798511e-15
       5120.0000   4.5726543e-14   2.0816480e-15
       5130.0000   4.1752171e-14   2.0537461e-15
       5140.0000   4.7523237e-14   2.1130496e-15
       5150.0000   4.1178647e-14   2.1437836e-15
       5160.0000   5.6502059e-14   2.1369577e-15
       5170.0000   2.3580818e-14   1.9503716e-15
       5180.0000   2.5211255e-14   2.0361188e-15
       5190.0000   3.8156312e-14   2.1331464e-15
       5200.0000   4.2946392e-14   2.2728472e-15
       5210.0000   3.0218818e-14   2.0290920e-15
       5220.0000   5.3726716e-14   2.1179124e-15
       5230.0000   5.9585835e-14   2.0480725e-15
       5240.0000   5.5298786e-14   2.1012164e-15
       5250.0000   4.9480526e-14   2.0245773e-15
       5260.0000   5.5313511e-14   2.0607886e-15
       5270.0000   3.9006544e-14   1.9589243e-15
       5280.0000   5.6095274e-14   2.0328340e-15
       5290.0000   5.9167358e-14   2.0390187e-15
       5300.0000   5.5690519e-14   2.0708219e-15
       5310.0000   5.9047796e-14   2.0568532e-15
       5320.0000   6.2673797e-14   2.0880559e-15
       5330.0000   5.7845148e-14   2.0603514e-15
       5340.0000   6.1001506e-14   2.0320283e-15
       5350.0000   6.5811753e-14   2.1057872e-15
       5360.0000   6.3749685e-14   1.9857052e-15
       5370.0000   5.8076904e-14   1.9854997e-15
       5380.0000   7.3570395e-14   2.0623942e-15
       5390.0000   7.1919489e-14   2.0229556e-15
       5400.0000   7.4350000e-14   2.0175297e-15
       5410.0000   6.5728383e-14   2.0124560e-15
       5420.0000   7.6715037e-14   2.0177451e-15
       5430.0000   6.8902982e-14   2.0163038e-15
       5440.0000   7.9210898e-14   2.1110805e-15
       5450.0000   4.7759297e-14   2.0166964e-15
       5460.0000   5.4764910e-14   3.0136532e-15
       5470.0000   5.6339477e-14   2.0422597e-15
       5480.0000   6.0919099e-14   2.0393336e-15
       5490.0000   6.6093383e-14   2.0313306e-15
       5500.0000   5.0209277e-14   2.0198183e-15
       5510.0000   5.2603274e-14   2.0037399e-15
       5520.0000   5.3446631e-14   2.0836637e-15
       5530.0000   5.3723248e-14   1.9893212e-15
       5540.0000   4.7272069e-14   1.9923352e-15
       5550.0000   5.2782917e-14   2.0197987e-15
       5560.0000   5.5370739e-14   2.0055348e-15
       5570.0000   6.1591913e-14   2.0764332e-15
       5580.0000   6.1733045e-14   1.0808390e-14
       5590.0000   6.0063541e-14   2.0858910e-15
       5600.0000   5.0391466e-14   1.9933442e-15
       5610.0000   5.7892690e-14   1.9921165e-15
       5620.0000   5.3920741e-14   1.9998041e-15
       5630.0000   4.8202193e-14   2.0139953e-15
       5640.0000   5.8357101e-14   2.0169761e-15
       5650.0000   6.1676734e-14   2.0474357e-15
       5660.0000   6.4475207e-14   2.0696242e-15
       5670.0000   5.9515152e-14   2.2065251e-15
       5680.0000   6.4082969e-14   2.2230924e-15
       5690.0000   6.7340660e-14   2.5938541e-15
       5700.0000   7.1407836e-14   2.2789611e-15
       5710.0000   7.2837104e-14   2.1354396e-15
       5720.0000   7.1107355e-14   2.1222335e-15
       5730.0000   7.4538385e-14   2.1443282e-15
       5740.0000   7.6268666e-14   2.1319271e-15
       5750.0000   8.2786713e-14   2.1632000e-15
       5760.0000   7.4154400e-14   2.2151786e-15
       5770.0000   6.7179900e-14   2.7030203e-15
       5780.0000   7.1995688e-14   2.2926323e-15
       5790.0000   7.2995842e-14   2.7746586e-15
       5800.0000   8.1879724e-14   2.5430170e-15
       5810.0000   7.6611918e-14   2.5388441e-15
       5820.0000   6.7675452e-14   2.5398977e-15
       5830.0000   7.1742175e-14   2.4960154e-15
       5840.0000   6.9336078e-14   2.4875002e-15
       5850.0000   5.4847669e-14   2.4987122e-15
       5860.0000   5.9293161e-14   2.4306632e-15
       5870.0000   5.4594928e-14   2.4906296e-15
       5880.0000   4.0009003e-14   2.1982721e-15
       5890.0000   2.0153299e-14   5.1345590e-15
       5900.0000   2.8756941e-14   2.2828721e-15
       5910.0000   4.2044486e-14   2.0875103e-15
       5920.0000   4.9208604e-14   2.1006511e-15
       5930.0000   5.0448105e-14   2.1069093e-15
       5940.0000   5.3155647e-14   2.0293048e-15
       5950.0000   5.0587337e-14   1.9962579e-15
       5960.0000   5.1068001e-14   1.9709489e-15
       5970.0000   5.3915757e-14   2.0085118e-15
       5980.0000   5.9776937e-14   1.9671912e-15
       5990.0000   5.9559381e-14   1.8989532e-15
       6000.0000   6.4006859e-14   1.9051334e-15
       6010.0000   6.3649896e-14   1.8235244e-15
       6020.0000   6.6104935e-14   1.8028098e-15
       6030.0000   6.9935728e-14   1.8226561e-15
       6040.0000   6.8588740e-14   1.8031948e-15
       6050.0000   7.5307598e-14   1.7708386e-15
       6060.0000   7.2605435e-14   1.7540750e-15
       6070.0000   7.8392806e-14   1.6707137e-15
       6080.0000   7.2611013e-14   1.6005232e-15
       6090.0000   7.5283695e-14   1.5587712e-15
       6100.0000   7.8539612e-14   1.5548523e-15
       6110.0000   7.9266843e-14   1.5173645e-15
       6120.0000   7.2747310e-14   1.4754824e-15
       6130.0000   8.2896978e-14   1.4960019e-15
       6140.0000   8.1369602e-14   1.5681630e-15
       6150.0000   7.2408451e-14   1.5259211e-15
       6160.0000   4.6997225e-14   1.6400107e-15
       6170.0000   5.1074691e-14   1.6344330e-15
       6180.0000   5.2425130e-14   1.5164459e-15
       6190.0000   4.2044784e-14   1.5025445e-15
       6200.0000   4.7074010e-14   1.4882728e-15
       6210.0000   4.6908305e-14   1.4871420e-15
       6220.0000   4.1515321e-14   1.4659300e-15
       6230.0000   3.7392629e-14   1.5386903e-15
       6240.0000   4.2477854e-14   1.5581193e-15
       6250.0000   4.5801884e-14   1.3384739e-15
       6260.0000   5.0067270e-14   1.6228657e-15
       6270.0000   5.2969228e-14   1.3072419e-15
       6280.0000   5.1848770e-14   1.2665466e-15
       6290.0000   6.2594916e-14   1.4468909e-15
       6300.0000   6.7440015e-14   4.9062197e-15
       6310.0000   7.6128686e-14   1.3818905e-15
       6320.0000   8.1410967e-14   1.3335809e-15
       6330.0000   8.2993506e-14   1.5986218e-15
       6340.0000   9.1580257e-14   1.2909521e-15
       6350.0000   9.4584727e-14   1.3669725e-15
       6360.0000   8.3068684e-14   1.4716515e-15
       6370.0000   8.6078897e-14   1.2801647e-15
       6380.0000   7.4640340e-14   1.2975454e-15
       6390.0000   7.8085296e-14   1.2598000e-15
       6400.0000   9.2564182e-14   1.2433721e-15
       6410.0000   1.0705574e-13   1.2462666e-15
       6420.0000   9.7027018e-14   1.2944697e-15
       6430.0000   1.0319749e-13   1.2250226e-15
       6440.0000   9.8548547e-14   1.2100301e-15
       6450.0000   1.0060746e-13   1.2529261e-15
       6460.0000   1.0961980e-13   1.2550915e-15
       6470.0000   1.1921043e-13   1.4324560e-15
       6480.0000   1.1503318e-13   1.2663354e-15
       6490.0000   1.1469866e-13   1.2155527e-15
       6500.0000   1.1600229e-13   1.6032314e-15
       6510.0000   1.3346609e-13   1.2772924e-15
       6520.0000   1.3420392e-13   1.2942396e-15
       6530.0000   1.3975950e-13   1.3458590e-15
       6540.0000   1.5236802e-13   1.3250119e-15
       6550.0000   1.3208506e-13   1.3104084e-15
       6560.0000   1.3414148e-13   1.3591789e-15
       6570.0000   1.2127176e-13   1.3399280e-15
       6580.0000   1.1421180e-13   1.4003312e-15
       6590.0000   1.2828469e-13   1.2675261e-15
       6600.0000   1.1882837e-13   1.2473083e-15
       6610.0000   1.2070840e-13   1.2167566e-15
       6620.0000   1.1421476e-13   1.1800457e-15
       6630.0000   1.1054826e-13   1.1887133e-15
       6640.0000   1.0713400e-13   1.1601029e-15
       6650.0000   9.4780704e-14   1.1359836e-15
       6660.0000   8.9685931e-14   1.1119114e-15
       6670.0000   1.0123349e-13   1.1289297e-15
       6680.0000   8.4861731e-14   1.0861338e-15
       6690.0000   8.3384292e-14   1.0768359e-15
       6700.0000   8.8053340e-14   1.1255703e-15
       6710.0000   9.2366803e-14   1.1137013e-15
       6720.0000   7.1147103e-14   1.0614610e-15
       6730.0000   7.8690198e-14   1.0972804e-15
       6740.0000   8.2815368e-14   1.1195827e-15
       6750.0000   7.2642923e-14   1.0663413e-15
       6760.0000   7.9415894e-14   1.0775748e-15
       6770.0000   8.5480792e-14   1.0955906e-15
       6780.0000   8.3734251e-14   1.0884433e-15
       6790.0000   7.5859615e-14   1.0796630e-15
       6800.0000   8.0814542e-14   1.0851626e-15
       6810.0000   7.9361370e-14   1.0955640e-15
       6820.0000   7.9825960e-14   1.0854492e-15
       6830.0000   8.3002162e-14   1.6784167e-15
       6840.0000   8.5425008e-14   1.1805286e-15
       6850.0000   7.9421511e-14   1.0935930e-15
       6860.0000   7.8227304e-14   1.1748642e-15
       6870.0000   7.8457936e-14   1.5088016e-15
       6880.0000   8.9913859e-14   1.2334551e-15
       6890.0000   8.8546265e-14   1.4053297e-15
       6900.0000   8.4651259e-14   1.3625046e-15
       6910.0000   9.8695098e-14   1.2345541e-15
       6920.0000   8.7898826e-14   1.2102508e-15
       6930.0000   1.1053838e-13   1.1321124e-15
       6940.0000   1.1627346e-13   1.4505234e-15
       6950.0000   1.3053017e-13   1.7239573e-15
       6960.0000   1.2050488e-13   1.1433719e-15
       6970.0000   1.2683285e-13   1.3282505e-15
       6980.0000   1.3535069e-13   1.4919674e-15
       6990.0000   1.3524968e-13   1.1748183e-15
       7000.0000   1.4020905e-13   1.1995048e-15
       7010.0000   1.4369153e-13   1.3236496e-15
       7020.0000   1.5637119e-13   1.1943838e-15
       7030.0000   1.6850382e-13   1.2293405e-15
       7040.0000   1.8623110e-13   1.2725237e-15
       7050.0000   1.9517748e-13   1.4019413e-15
       7060.0000   1.1636967e-13   1.1508711e-15
       7070.0000   1.3298071e-13   1.3738699e-15
       7080.0000   1.4103161e-13   1.1892733e-15
       7090.0000   9.2005464e-14   1.2024737e-15
       7100.0000   1.0167661e-13   1.1230142e-15
       7110.0000   1.2371675e-13   1.0991350e-15
       7120.0000   1.3281156e-13   1.1043456e-15
       7130.0000   7.9969327e-14   1.0996025e-15
       7140.0000   8.5054758e-14   1.0700832e-15
       7150.0000   9.4539977e-14   1.0980239e-15
       7160.0000   9.4540595e-14   1.0776448e-15
       7170.0000   1.0470552e-13   1.1371716e-15
       7180.0000   1.1424183e-13   1.1586726e-15
       7190.0000   1.2465592e-13   1.1661570e-15
       7200.0000   1.0752686e-13   1.1559412e-15
       7210.0000   1.1228497e-13   1.1264418e-15
       7220.0000   1.2643901e-13   1.1376119e-15
       7230.0000   1.3070669e-13   1.1938635e-15
       7240.0000   1.4156834e-13   2.4163250e-15
       7250.0000   1.5048403e-13   1.4566911e-15
       7260.0000   1.5810166e-13   1.2866131e-15
       7270.0000   1.5916734e-13   1.3663510e-15
       7280.0000   1.6268556e-13   1.8602358e-15
       7290.0000   1.7579570e-13   1.4382052e-15
       7300.0000   1.8406636e-13   1.4202815e-15
       7310.0000   1.8859701e-13   1.4113901e-15
       7320.0000   2.0047947e-13   1.7537308e-15
       7330.0000   2.0267424e-13   2.0033957e-15
       7340.0000   2.0734321e-13   2.6264997e-15
       7350.0000   2.1144997e-13   1.3920593e-15
       7360.0000   2.1192916e-13   1.8880985e-15
       7370.0000   2.1905590e-13   2.5112007e-15
       7380.0000   2.2708917e-13   1.3560654e-15
       7390.0000   2.2862902e-13   1.5518836e-15
       7400.0000   2.2236126e-13   1.7927115e-15
       7410.0000   2.3051702e-13   1.3312931e-15
       7420.0000   2.2779873e-13   1.3264054e-15
       7430.0000   2.3722514e-13   1.5635777e-15
       7440.0000   2.4000407e-13   1.7073321e-15
       7450.0000   2.3423080e-13   1.2995367e-15
       7460.0000   2.3527767e-13   1.3576428e-15
       7470.0000   2.4375096e-13   1.5294486e-15
       7480.0000   2.4166246e-13   1.6657912e-15
       7490.0000   2.3665110e-13   1.3254383e-15
       7500.0000   2.5171683e-13   1.3430582e-15
       7510.0000   2.5017809e-13   1.3090324e-15
       7520.0000   2.5386923e-13   1.4859851e-15
       7530.0000   2.4979024e-13   1.5863464e-15
       7540.0000   2.6310776e-13   1.4176981e-15
       7550.0000   2.6153906e-13   1.3352299e-15
       7560.0000   2.6106797e-13   1.4567586e-15
       7570.0000   2.5692652e-13   1.8029138e-15
       7580.0000   2.6138723e-13   1.3302640e-15
       7590.0000   2.1161829e-13   1.3306611e-15
       7600.0000   2.2431558e-13   3.5533157e-15
       7610.0000   2.1921981e-13   2.7374000e-15
       7620.0000   2.4934310e-13   1.7791244e-15
       7630.0000   1.9694671e-13   2.5656375e-15
       7640.0000   2.0477503e-13   1.7821986e-15
       7650.0000   2.0542391e-13   1.5881847e-15
       7660.0000   1.9092055e-13   1.5349680e-15
       7670.0000   1.6840420e-13   1.2955351e-15
       7680.0000   1.7788012e-13   1.2985287e-15
       7690.0000   1.8604274e-13   1.3808116e-15
       7700.0000   1.3041599e-13   1.4241830e-15
       7710.0000   1.8338841e-13   1.8250360e-15
       7720.0000   1.8965069e-13   1.9878643e-15
       7730.0000   2.0265966e-13   1.4058978e-15
       7740.0000   2.0680216e-13   1.3799977e-15
       7750.0000   1.7303443e-13   3.1333926e-15
       7760.0000   1.8206672e-13   2.1212463e-15
       7770.0000   1.9318387e-13   1.4550258e-15
       7780.0000   1.9523166e-13   1.8035689e-15
       7790.0000   1.8771200e-13   1.6072908e-15
       7800.0000   1.9229004e-13   1.3635651e-15
       7810.0000   2.1084301e-13   2.0821322e-15
       7820.0000   2.1133457e-13   2.7213190e-15
       7830.0000   1.8759838e-13   1.4053182e-15
       7840.0000   2.0001216e-13   1.8871793e-15
       7850.0000   2.1040325e-13   2.0606778e-15
       7860.0000   2.1123948e-13   2.2125199e-15
       7870.0000   2.1363312e-13   2.4140308e-15
       7880.0000   2.2585094e-13   2.1533665e-15
       7890.0000   2.3276642e-13   2.6482366e-15
       7900.0000   2.2174584e-13   1.5104118e-15
       7910.0000   2.1534734e-13   1.9923616e-15
       7920.0000   2.1920398e-13   2.4263552e-15
       7930.0000   2.3272222e-13   2.1017044e-15
       7940.0000   2.3038711e-13   1.5019165e-15
       7950.0000   2.2952967e-13   2.0856131e-15
       7960.0000   2.3552968e-13   1.6247353e-15
       7970.0000   2.4657742e-13   1.7486478e-15
       7980.0000   2.4763939e-13   2.3667271e-15
       7990.0000   2.4871479e-13   2.0608051e-15
       8000.0000   2.4328772e-13   1.6179986e-15
       8010.0000   2.5547685e-13   1.6046072e-15
       8020.0000   2.5834178e-13   1.6879031e-15
       8030.0000   2.6281445e-13   1.9720996e-15
       8040.0000   2.6550500e-13   1.5350027e-15
       8050.0000   2.7668321e-13   1.7904954e-15
       8060.0000   2.8055660e-13   1.9710956e-15
       8070.0000   2.7264867e-13   1.5545976e-15
       8080.0000   2.7800478e-13   1.5764172e-15
       8090.0000   2.8963879e-13   1.5808382e-15
       8100.0000   2.8424021e-13   1.7215261e-15
       8110.0000   2.8935403e-13   1.5981569e-15
       8120.0000   2.8887235e-13   1.5614094e-15
       8130.0000   2.9367888e-13   1.6363997e-15
       8140.0000   2.9168101e-13   1.7498884e-15
       8150.0000   2.8933270e-13   1.7525063e-15
       8160.0000   2.8570919e-13   1.7398970e-15
       8170.0000   2.8464676e-13   1.6911181e-15
       8180.0000   2.5406085e-13   1.8185023e-15
       8190.0000   2.6149630e-13   1.8783198e-15
       8200.0000   2.6316834e-13   1.8265588e-15
       8210.0000   2.8100964e-13   1.6944301e-15
       8220.0000   2.8117251e-13   1.6547471e-15
       8230.0000   2.9243027e-13   1.8831532e-15
       8240.0000   2.9241045e-13   1.7459242e-15
       8250.0000   3.0625752e-13   1.7715265e-15
       8260.0000   2.9648793e-13   1.7003314e-15
       8270.0000   2.9514966e-13   1.7694597e-15
       8280.0000   2.8735393e-13   2.8716606e-15
       8290.0000   2.7372372e-13   3.1902487e-15
       8300.0000   2.8219750e-13   3.5933989e-15
       8310.0000   2.8663536e-13   2.4067937e-15
       8320.0000   2.7244761e-13   1.7940603e-15
       8330.0000   2.7687017e-13   1.7255816e-15
       8340.0000   2.7999734e-13   2.3161370e-15
       8350.0000   2.8113590e-13   2.5838017e-15
       8360.0000   2.8122434e-13   1.9000755e-15
       8370.0000   2.8769703e-13   1.8539117e-15
       8380.0000   2.7242950e-13   2.4382675e-15
       8390.0000   2.6184477e-13   1.8974404e-15
       8400.0000   2.8250117e-13   5.3148106e-15
       8410.0000   2.7352163e-13   1.8475056e-15
       8420.0000   2.6877103e-13   2.0022730e-15
       8430.0000   2.8173238e-13   5.6649947e-15
       8440.0000   2.6580664e-13   1.7752911e-15
       8450.0000   2.5624948e-13   2.4434323e-15
       8460.0000   2.4882001e-13   1.9064893e-15
       8470.0000   2.3922796e-13   2.2641306e-15
       8480.0000   2.4947419e-13   1.7739722e-15
       8490.0000   2.5881277e-13   2.0304854e-15
       8500.0000   2.3651706e-13   1.9370453e-15
       8510.0000   2.4840407e-13   1.9637332e-15
       8520.0000   2.4360637e-13   1.8360186e-15
       8530.0000   2.5403400e-13   1.8117649e-15
       8540.0000   2.1947735e-13   2.1788881e-15
       8550.0000   2.6027896e-13   2.6773984e-15
       8560.0000   2.5340421e-13   1.8913034e-15
       8570.0000   2.6182183e-13   1.9115214e-15
       8580.0000   2.6535059e-13   1.9721430e-15
       8590.0000   2.6535345e-13   2.1318603e-15
       8600.0000   2.6706407e-13   2.1519696e-15
       8610.0000   2.6593216e-13   2.1301120e-15
       8620.0000   2.7244115e-13   2.9841984e-15
       8630.0000   2.6744809e-13   3.5698405e-15
       8640.0000   2.6801222e-13   2.8444664e-15
       8650.0000   2.7662681e-13   3.2206831e-15
       8660.0000   2.4322126e-13   3.6379022e-15
       8670.0000   2.6826042e-13   3.2808900e-15
       8680.0000   2.7904951e-13   2.7540365e-15
       8690.0000   2.4851092e-13   2.3115705e-15
       8700.0000   2.7363800e-13   2.3073973e-15
       8710.0000   2.6476021e-13   2.2253411e-15
       8720.0000   2.6912915e-13   2.2054060e-15
       8730.0000   2.7460691e-13   2.1695010e-15
       8740.0000   2.7454813e-13   2.2332502e-15
       8750.0000   2.8083327e-13   2.2478904e-15
       8760.0000   3.0158746e-13   4.4270164e-15
       8770.0000   2.9154670e-13   4.4328831e-15
       8780.0000   2.8777768e-13   5.0395779e-15
       8790.0000   2.9574168e-13   3.4351469e-15
       8800.0000   2.8463733e-13   2.2922906e-15
       8810.0000   2.8376864e-13   2.4511235e-15
       8820.0000   2.9035375e-13   2.4383802e-15
       8830.0000   3.0747449e-13   6.7262968e-15
       8840.0000   3.0032558e-13   3.4965335e-15
       8850.0000   2.9726112e-13   3.3801798e-15
       8860.0000   2.6198876e-13   2.3357439e-15
       8870.0000   2.6706933e-13   4.0341860e-15
       8880.0000   2.7721957e-13   2.5821461e-15
       8890.0000   2.8796831e-13   4.9772543e-15
       8900.0000   2.8537354e-13   3.3501842e-15
       8910.0000   2.8378296e-13   2.5499570e-15
       8920.0000   3.0532502e-13   1.0868080e-14
       8930.0000   2.8503822e-13   2.5824430e-15
       8940.0000   2.8628770e-13   3.2935756e-15
       8950.0000   2.8236262e-13   2.5173120e-15
       8960.0000   2.9906133e-13   8.5442064e-15
       8970.0000   2.8104097e-13   2.5457610e-15
       8980.0000   2.8182522e-13   2.5744158e-15
       8990.0000   2.4649119e-13   3.9789755e-15
       9000.0000   2.7544079e-13   5.6080337e-15
       9010.0000   2.8315723e-13   2.5490943e-15
       9020.0000   2.9024572e-13   2.5604230e-15
       9030.0000   2.9399183e-13   2.6290679e-15
       9040.0000   3.1123968e-13   3.6562692e-15
       9050.0000   3.1804282e-13   4.8818656e-15
       9060.0000   2.9805967e-13   2.6604986e-15
       9070.0000   2.7524354e-13   2.7337072e-15
       9080.0000   2.7945158e-13   2.6090055e-15
       9090.0000   2.8414707e-13   2.7990160e-15
       9100.0000   2.8635215e-13   3.1768905e-15
       9110.0000   3.1153588e-13   2.8894221e-15
       9120.0000   2.9124656e-13   2.6623461e-15
       9130.0000   2.8367158e-13   2.7238112e-15
       9140.0000   3.0788472e-13   2.7853872e-15
       9150.0000   2.9889057e-13   3.1164303e-15
       9160.0000   3.1479912e-13   3.4066054e-15
       9170.0000   3.0922946e-13   2.9182516e-15
       9180.0000   3.1903050e-13   2.8316228e-15
       9190.0000   3.2035017e-13   1.8640093e-15
       9200.0000   3.1337538e-13   9.8001221e-15
       9210.0000   3.1365544e-13   4.6483513e-15
       9220.0000   3.1339456e-13   5.6848159e-16
       9230.0000   3.1109826e-13   5.2195134e-16
       9240.0000   3.0880196e-13   4.7542109e-16
       9250.0000   3.0650566e-13   4.2889084e-16
       9260.0000   3.0480937e-13   5.8844848e-16
       9270.0000   3.0338905e-13   8.4279362e-16
       9280.0000   3.0196872e-13   1.0971388e-15
       9290.0000   3.0075449e-13   1.2851992e-15
       9300.0000   3.0078554e-13   1.0727249e-15
       9310.0000   3.0081659e-13   8.6025063e-16
       9320.0000   3.0084764e-13   6.4777635e-16
       9330.0000   3.0093327e-13   7.8383532e-16
       9340.0000   3.0105791e-13   1.1691802e-15
       9350.0000   3.0118256e-13   1.5545251e-15
       9360.0000   3.0130527e-13   1.9349816e-15
       9370.0000   3.0110303e-13   1.4997000e-15
       9380.0000   3.0090079e-13   1.0644184e-15
       9390.0000   3.0069856e-13   6.2913688e-16
       9400.0000   3.0097347e-13   3.8038865e-16
       9410.0000   3.0192659e-13   3.9677447e-16
       9420.0000   3.0287971e-13   4.1316028e-16
       9430.0000   3.0383283e-13   4.2954609e-16
       9440.0000   3.0531889e-13   6.3783737e-16
       9450.0000   3.0693566e-13   8.9320069e-16
       9460.0000   3.0855244e-13   1.1485640e-15
       9470.0000   3.0985566e-13   1.3730445e-15
       9480.0000   3.0969058e-13   1.4529138e-15
       9490.0000   3.0952551e-13   1.5327830e-15
       9500.0000   3.0936044e-13   1.6126523e-15
       9510.0000   3.0853459e-13   1.5972600e-15
       9520.0000   3.0712981e-13   1.4984047e-15
       9530.0000   3.0572503e-13   1.3995494e-15
       9540.0000   3.0432025e-13   1.3006941e-15
       9550.0000   3.0339709e-13   1.2637119e-15
       9560.0000   3.0254335e-13   1.2356478e-15
       9570.0000   3.0168961e-13   1.2075837e-15
       9580.0000   3.0120429e-13   1.1798551e-15
       9590.0000   3.0220167e-13   1.1534767e-15
       9600.0000   3.0319905e-13   1.1270984e-15
       9610.0000   3.0419643e-13   1.1007200e-15
       9620.0000   3.0536401e-13   1.1562098e-15
       9630.0000   3.0669643e-13   1.2909868e-15
       9640.0000   3.0802885e-13   1.4257638e-15
       9650.0000   3.0936127e-13   1.5605408e-15
       9660.0000   3.0970302e-13   1.6828666e-15
       9670.0000   3.0979863e-13   1.8020987e-15
       9680.0000   3.0989423e-13   1.9213307e-15
       9690.0000   3.0996134e-13   2.0210043e-15
       9700.0000   3.0969176e-13   1.8895754e-15
       9710.0000   3.0942219e-13   1.7581464e-15
       9720.0000   3.0915262e-13   1.6267174e-15
       9730.0000   3.0882310e-13   1.5056444e-15
       9740.0000   3.0837776e-13   1.4045833e-15
       9750.0000   3.0793241e-13   1.3035223e-15
       9760.0000   3.0748707e-13   1.2024612e-15
       9770.0000   3.0709355e-13   1.0957207e-15
       9780.0000   3.0673634e-13   9.8500041e-16
       9790.0000   3.0637912e-13   8.7428013e-16
       9800.0000   3.0602191e-13   7.6355985e-16
       9810.0000   3.0575722e-13   7.7494937e-16
       9820.0000   3.0551283e-13   8.1313993e-16
       9830.0000   3.0526845e-13   8.5133050e-16
       9840.0000   3.0498434e-13   8.8971430e-16
       9850.0000   3.0366691e-13   9.3312570e-16
       9860.0000   3.0234947e-13   9.7653710e-16
       9870.0000   3.0103204e-13   1.0199485e-15
       9880.0000   2.9988014e-13   1.0423788e-15
       9890.0000   2.9925236e-13   9.9838303e-16
       9900.0000   2.9862457e-13   9.5438728e-16
       9910.0000   2.9799678e-13   9.1039153e-16
       9920.0000   2.9763373e-13   8.3268911e-16
       9930.0000   2.9762457e-13   7.0992651e-16
       9940.0000   2.9761541e-13   5.8716391e-16
       9950.0000   2.9760626e-13   4.6440131e-16
       9960.0000   2.9796704e-13   4.2324333e-16
       9970.0000   2.9857136e-13   4.3580565e-16
       9980.0000   2.9917568e-13   4.4836796e-16
       9990.0000   2.9978000e-13   4.6093027e-16
       10000.000   2.9876200e-13   5.2105404e-16
       10010.000   2.9724004e-13   5.9595211e-16
       10020.000   2.9571808e-13   6.7085017e-16
       10030.000   2.9419613e-13   7.4574824e-16
       10040.000   2.9439317e-13   8.8393380e-16
       10050.000   2.9476030e-13   1.0283816e-15
       10060.000   2.9512743e-13   1.1728293e-15
       10070.000   2.9549001e-13   1.3027904e-15
       10080.000   2.9574320e-13   1.0845402e-15
       10090.000   2.9599638e-13   8.6629001e-16
       10100.000   2.9624956e-13   6.4803982e-16
       10110.000   2.9662238e-13   4.6709420e-16
       10120.000   2.9762351e-13   4.8205455e-16
       10130.000   2.9862464e-13   4.9701490e-16
       10140.000   2.9962576e-13   5.1197524e-16
       10150.000   3.0033893e-13   5.7013888e-16
       10160.000   3.0027362e-13   7.4509982e-16
       10170.000   3.0020831e-13   9.2006077e-16
       10180.000   3.0014300e-13   1.0950217e-15
       10190.000   3.0000200e-13   1.1712390e-15
       10200.000   2.9972640e-13   1.0718821e-15
       10210.000   2.9945080e-13   9.7252520e-16
       10220.000   2.9917521e-13   8.7316833e-16
       10230.000   2.9908178e-13   8.4865164e-16
       10240.000   2.9922017e-13   9.1937101e-16
       10250.000   2.9935855e-13   9.9009038e-16
       10260.000   2.9949694e-13   1.0608097e-15
       10270.000   2.9924471e-13   1.0201957e-15
       10280.000   2.9861729e-13   8.7263919e-16
       10290.000   2.9798986e-13   7.2508273e-16
       10300.000   2.9736243e-13   5.7752626e-16
       10310.000   2.9723560e-13   5.9507267e-16
       10320.000   2.9750199e-13   7.4231193e-16
       10330.000   2.9776839e-13   8.8955118e-16
       10340.000   2.9803479e-13   1.0367904e-15
       10350.000   2.9803543e-13   1.0455088e-15
       10360.000   2.9785891e-13   9.6187990e-16
       10370.000   2.9768239e-13   8.7825101e-16
       10380.000   2.9750587e-13   7.9462211e-16
       10390.000   2.9812409e-13   7.5611790e-16
       10400.000   2.9918928e-13   7.4299202e-16
       10410.000   3.0025448e-13   7.2986614e-16
       10420.000   3.0131967e-13   7.1674026e-16
       10430.000   3.0169421e-13   7.8944296e-16
       10440.000   3.0169671e-13   9.0838089e-16
       10450.000   3.0169920e-13   1.0273188e-15
       10460.000   3.0170170e-13   1.1462567e-15
       10470.000   3.0147467e-13   1.1638214e-15
       10480.000   3.0112943e-13   1.1291771e-15
       10490.000   3.0078420e-13   1.0945328e-15
       10500.000   3.0043896e-13   1.0598885e-15
       10510.000   2.9990974e-13   1.0141083e-15
       10520.000   2.9928573e-13   9.6259034e-16
       10530.000   2.9866172e-13   9.1107238e-16
       10540.000   2.9803771e-13   8.5955443e-16
       10550.000   2.9784095e-13   8.8269736e-16
       10560.000   2.9788459e-13   9.4784771e-16
       10570.000   2.9792822e-13   1.0129981e-15
       10580.000   2.9797186e-13   1.0781484e-15
       10590.000   2.9785577e-13   1.0981681e-15
       10600.000   2.9764180e-13   1.0905293e-15
       10610.000   2.9742783e-13   1.0828905e-15
       10620.000   2.9721386e-13   1.0752518e-15
       10630.000   2.9727828e-13   1.0548343e-15
       10640.000   2.9754431e-13   1.0251625e-15
       10650.000   2.9781034e-13   9.9549072e-16
       10660.000   2.9807637e-13   9.6581894e-16
       10670.000   2.9792470e-13   9.6440120e-16
       10680.000   2.9740258e-13   9.8804089e-16
       10690.000   2.9688046e-13   1.0116806e-15
       10700.000   2.9635834e-13   1.0353203e-15
       10710.000   2.9622979e-13   1.0204266e-15
       10720.000   2.9654518e-13   9.6206674e-16
       10730.000   2.9686057e-13   9.0370689e-16
       10740.000   2.9717596e-13   8.4534705e-16
       10750.000   2.9724667e-13   8.3720713e-16
       10760.000   2.9696536e-13   9.0131739e-16
       10770.000   2.9668404e-13   9.6542766e-16
       10780.000   2.9640273e-13   1.0295379e-15
       10790.000   2.9646132e-13   1.0789810e-15
       10800.000   2.9721007e-13   1.0986425e-15
       10810.000   2.9795881e-13   1.1183041e-15
       10820.000   2.9870756e-13   1.1379657e-15
       10830.000   2.9929815e-13   1.1322875e-15
       10840.000   2.9938802e-13   1.0463839e-15
       10850.000   2.9947789e-13   9.6048026e-16
       10860.000   2.9956776e-13   8.7457665e-16
       10870.000   2.9937251e-13   8.0896016e-16
       10880.000   2.9742643e-13   8.6792409e-16
       10890.000   2.9548034e-13   9.2688803e-16
       10900.000   2.9353426e-13   9.8585196e-16
       10910.000   2.9161813e-13   1.0396652e-15
       10920.000   2.9042221e-13   9.6967295e-16
       10930.000   2.8922629e-13   8.9968070e-16
       10940.000   2.8803037e-13   8.2968845e-16
       10950.000   2.8683445e-13   7.5969619e-16
       10960.000   2.8677845e-13   7.3607617e-16
       10970.000   2.8682153e-13   7.1648744e-16
       10980.000   2.8686462e-13   6.9689872e-16
       10990.000   2.8690771e-13   6.7730999e-16
       11000.000   2.8744019e-13   7.2868951e-16
       11010.000   2.8810280e-13   7.9894066e-16
       11020.000   2.8876542e-13   8.6919182e-16
       11030.000   2.8942804e-13   9.3944297e-16
       11040.000   2.8930063e-13   9.1975736e-16
       11050.000   2.8876618e-13   8.5373263e-16
       11060.000   2.8823173e-13   7.8770791e-16
       11070.000   2.8769728e-13   7.2168318e-16
       11080.000   2.8742089e-13   7.0852023e-16
       11090.000   2.8738281e-13   7.4416803e-16
       11100.000   2.8734472e-13   7.7981584e-16
       11110.000   2.8730663e-13   8.1546365e-16
       11120.000   2.8720552e-13   8.4171406e-16
       11130.000   2.8699711e-13   8.5196486e-16
       11140.000   2.8678870e-13   8.6221565e-16
       11150.000   2.8658029e-13   8.7246644e-16
       11160.000   2.8631319e-13   8.7406391e-16
       11170.000   2.8582525e-13   8.4310073e-16
       11180.000   2.8533730e-13   8.1213755e-16
       11190.000   2.8484936e-13   7.8117437e-16
       11200.000   2.8436195e-13   7.4745915e-16
       11210.000   2.8388469e-13   6.6134744e-16
       11220.000   2.8340743e-13   5.7523572e-16
       11230.000   2.8293018e-13   4.8912400e-16
       11240.000   2.8245292e-13   4.0301229e-16
       11250.000   2.8210037e-13   5.5967961e-16
       11260.000   2.8176646e-13   7.5261800e-16
       11270.000   2.8143254e-13   9.4555639e-16
       11280.000   2.8109862e-13   1.1384948e-15
       11290.000   2.7976733e-13   1.1223501e-15
       11300.000   2.7798803e-13   1.0122868e-15
       11310.000   2.7620873e-13   9.0222347e-16
       11320.000   2.7442942e-13   7.9216013e-16
       11330.000   2.7293741e-13   7.2638245e-16
       11340.000   2.7173280e-13   7.0490772e-16
       11350.000   2.7052819e-13   6.8343299e-16
       11360.000   2.6932358e-13   6.6195827e-16
       11370.000   2.6844446e-13   6.9036470e-16
       11380.000   2.6828997e-13   8.2981721e-16
       11390.000   2.6813547e-13   9.6926973e-16
       11400.000   2.6798097e-13   1.1087222e-15
       11410.000   2.6790387e-13   1.2082500e-15
       11420.000   2.6845325e-13   9.8462130e-16
       11430.000   2.6900264e-13   7.6099258e-16
       11440.000   2.6955202e-13   5.3736387e-16
       11450.000   2.7010141e-13   3.1373515e-16
       11460.000   2.7148077e-13   3.0142063e-16
       11470.000   2.7295235e-13   3.1258546e-16
       11480.000   2.7442394e-13   3.2375029e-16
       11490.000   2.7589552e-13   3.3491512e-16
       11500.000   2.7658049e-13   3.8389403e-16
       11510.000   2.7689525e-13   4.5066940e-16
       11520.000   2.7721001e-13   5.1744478e-16
       11530.000   2.7752478e-13   5.8422015e-16
       11540.000   2.7752716e-13   6.2361802e-16
       11550.000   2.7716279e-13   6.3087202e-16
       11560.000   2.7679842e-13   6.3812603e-16
       11570.000   2.7643405e-13   6.4538004e-16
       11580.000   2.7602853e-13   6.4419555e-16
       11590.000   2.7548523e-13   6.1475736e-16
       11600.000   2.7494192e-13   5.8531917e-16
       11610.000   2.7439862e-13   5.5588097e-16
       11620.000   2.7385535e-13   5.2644178e-16
       11630.000   2.7365382e-13   4.8673179e-16
       11640.000   2.7345229e-13   4.4702180e-16
       11650.000   2.7325076e-13   4.0731180e-16
       11660.000   2.7304923e-13   3.6760181e-16
       11670.000   2.7246944e-13   3.8180168e-16
       11680.000   2.7177023e-13   4.1302025e-16
       11690.000   2.7107102e-13   4.4423881e-16
       11700.000   2.7037181e-13   4.7545738e-16
       11710.000   2.6977525e-13   4.8160817e-16
       11720.000   2.6927344e-13   4.6462128e-16
       11730.000   2.6877164e-13   4.4763440e-16
       11740.000   2.6826983e-13   4.3064751e-16
       11750.000   2.6777233e-13   4.2332648e-16
       11760.000   2.6728647e-13   4.4213647e-16
       11770.000   2.6680062e-13   4.6094645e-16
       11780.000   2.6631476e-13   4.7975643e-16
       11790.000   2.6583698e-13   4.9893287e-16
       11800.000   2.6575456e-13   5.3604778e-16
       11810.000   2.6567214e-13   5.7316268e-16
       11820.000   2.6558973e-13   6.1027758e-16
       11830.000   2.6550731e-13   6.4739249e-16
       11840.000   2.6547192e-13   5.7401311e-16
       11850.000   2.6545138e-13   4.6573333e-16
       11860.000   2.6543084e-13   3.5745355e-16
       11870.000   2.6541031e-13   2.4917377e-16
       11880.000   2.6503669e-13   2.4698859e-16
       11890.000   2.6429548e-13   3.5525430e-16
       11900.000   2.6355428e-13   4.6352000e-16
       11910.000   2.6281307e-13   5.7178571e-16
       11920.000   2.6218043e-13   6.5653297e-16
       11930.000   2.6191106e-13   6.6257928e-16
       11940.000   2.6164170e-13   6.6862559e-16
       11950.000   2.6137233e-13   6.7467191e-16
       11960.000   2.6110297e-13   6.8071822e-16
       11970.000   2.6106556e-13   6.8814954e-16
       11980.000   2.6104036e-13   6.9565376e-16
       11990.000   2.6101516e-13   7.0315797e-16
