       3000.0000   2.4893084e-16       0.0000000
       3010.0000   2.5789343e-16       0.0000000
       3020.0000   2.6710144e-16       0.0000000
       3030.0000   2.7655905e-16       0.0000000
       3040.0000   2.8627047e-16       0.0000000
       3050.0000   2.9623986e-16       0.0000000
       3060.0000   3.0647145e-16       0.0000000
       3070.0000   3.1696941e-16       0.0000000
       3080.0000   3.2773796e-16       0.0000000
       3090.0000   3.3878128e-16       0.0000000
       3100.0000   3.5010357e-16       0.0000000
       3110.0000   3.6170902e-16       0.0000000
       3120.0000   3.7360181e-16       0.0000000
       3130.0000   3.8578612e-16       0.0000000
       3140.0000   3.9826611e-16       0.0000000
       3150.0000   4.1104594e-16       0.0000000
       3160.0000   4.2412976e-16       0.0000000
       3170.0000   4.3752169e-16       0.0000000
       3180.0000   4.5122587e-16       0.0000000
       3190.0000   4.6524638e-16       0.0000000
       3200.0000   4.7958731e-16       0.0000000
       3210.0000   4.9425273e-16       0.0000000
       3220.0000   5.0924669e-16       0.0000000
       3230.0000   5.2457321e-16       0.0000000
       3240.0000   5.4023630e-16       0.0000000
       3250.0000   5.5623992e-16       0.0000000
       3260.0000   5.7258805e-16       0.0000000
       3270.0000   5.8928459e-16       0.0000000
       3280.0000   6.0633346e-16       0.0000000
       3290.0000   6.2373852e-16       0.0000000
       3300.0000   6.4150361e-16       0.0000000
       3310.0000   6.5963254e-16       0.0000000
       3320.0000   6.7812907e-16       0.0000000
       3330.0000   6.9699696e-16       0.0000000
       3340.0000   7.1623990e-16       0.0000000
       3350.0000   7.3586157e-16       0.0000000
       3360.0000   7.5586559e-16       0.0000000
       3370.0000   7.7625555e-16       0.0000000
       3380.0000   7.9703501e-16       0.0000000
       3390.0000   8.1820747e-16       0.0000000
       3400.0000   8.3977640e-16       0.0000000
       3410.0000   8.6174523e-16       0.0000000
       3420.0000   8.8411733e-16       0.0000000
       3430.0000   9.0689604e-16       0.0000000
       3440.0000   9.3008464e-16       0.0000000
       3450.0000   9.5368638e-16       0.0000000
       3460.0000   9.7770444e-16       0.0000000
       3470.0000   1.0021420e-15       0.0000000
       3480.0000   1.0270021e-15       0.0000000
       3490.0000   1.0522878e-15       0.0000000
       3500.0000   1.0780020e-15       0.0000000
       3510.0000   1.1041478e-15       0.0000000
       3520.0000   1.1307280e-15       0.0000000
       3530.0000   1.1577454e-15       0.0000000
       3540.0000   1.1852029e-15       0.0000000
       3550.0000   1.2131030e-15       0.0000000
       3560.0000   1.2414485e-15       0.0000000
       3570.0000   1.2702420e-15       0.0000000
       3580.0000   1.2994860e-15       0.0000000
       3590.0000   1.3291830e-15       0.0000000
       3600.0000   1.3593354e-15       0.0000000
       3610.0000   1.3899456e-15       0.0000000
       3620.0000   1.4210159e-15       0.0000000
       3630.0000   1.4525485e-15       0.0000000
       3640.0000   1.4845455e-15       0.0000000
       3650.0000   1.5170093e-15       0.0000000
       3660.0000   1.5499416e-15       0.0000000
       3670.0000   1.5833447e-15       0.0000000
       3680.0000   1.6172203e-15       0.0000000
       3690.0000   1.6515703e-15       0.0000000
       3700.0000   1.6863966e-15       0.0000000
       3710.0000   1.7217009e-15       0.0000000
       3720.0000   1.7574848e-15       0.0000000
       3730.0000   1.7937500e-15       0.0000000
       3740.0000   1.8304979e-15       0.0000000
       3750.0000   1.8677300e-15       0.0000000
       3760.0000   1.9054478e-15       0.0000000
       3770.0000   1.9436525e-15       0.0000000
       3780.0000   1.9823455e-15       0.0000000
       3790.0000   2.0215279e-15       0.0000000
       3800.0000   2.0612008e-15       0.0000000
       3810.0000   2.1013654e-15       0.0000000
       3820.0000   2.1420226e-15       0.0000000
       3830.0000   2.1521011e-15   1.5170250e-15
       3840.0000   1.6948946e-15   1.3737713e-15
       3850.0000   2.4877303e-15   1.3375718e-15
       3860.0000   1.1592602e-15   1.2358174e-15
       3870.0000   2.4635196e-15   1.1994824e-15
       3880.0000   2.6073853e-15   1.1810351e-15
       3890.0000   1.6894616e-15   1.1861405e-15
       3900.0000   2.0854308e-15   1.1510550e-15
       3910.0000   2.3693368e-15   1.1709279e-15
       3920.0000   2.5749133e-15   1.0503098e-15
       3930.0000   2.5037993e-15   9.9275368e-16
       3940.0000   3.4752745e-15   1.0413360e-15
       3950.0000   2.3963528e-15   1.0875854e-15
       3960.0000   1.8879536e-15   1.0875596e-15
       3970.0000   4.5572316e-15   9.6127524e-16
       3980.0000   3.8123540e-15   9.6963908e-16
       3990.0000   2.7229402e-15   9.1752763e-16
       4000.0000   4.3922521e-15   8.9846342e-16
       4010.0000   3.8102050e-15   9.0684225e-16
       4020.0000   3.9339758e-15   9.0518633e-16
       4030.0000   2.9051745e-15   8.6467493e-16
       4040.0000   3.8229592e-15   8.8378960e-16
       4050.0000   4.2943171e-15   9.1421157e-16
       4060.0000   4.0766312e-15   8.7215746e-16
       4070.0000   3.6936574e-15   8.6048953e-16
       4080.0000   3.1685520e-15   8.4878106e-16
       4090.0000   2.8838432e-15   8.1239696e-16
       4100.0000   5.1143741e-15   7.8387766e-16
       4110.0000   3.7705919e-15   7.8257848e-16
       4120.0000   3.8547137e-15   7.7781280e-16
       4130.0000   3.0792024e-15   7.6849674e-16
       4140.0000   3.6879271e-15   7.5550764e-16
       4150.0000   3.7789922e-15   7.1788757e-16
       4160.0000   3.2897588e-15   7.2861518e-16
       4170.0000   3.7333764e-15   7.3691217e-16
       4180.0000   3.8807207e-15   7.1174331e-16
       4190.0000   3.2714883e-15   7.0483611e-16
       4200.0000   3.5448537e-15   6.8142929e-16
       4210.0000   3.2433931e-15   6.8906986e-16
       4220.0000   2.1558031e-15   6.6885870e-16
       4230.0000   1.4216110e-15   6.5664039e-16
       4240.0000   2.7389606e-15   6.4690189e-16
       4250.0000   2.2482053e-15   6.5664325e-16
       4260.0000   2.9653304e-15   6.3938074e-16
       4270.0000   3.3127153e-15   6.3679191e-16
       4280.0000   3.6018907e-15   6.4208625e-16
       4290.0000   2.4971540e-15   6.1335246e-16
       4300.0000   3.1600115e-15   6.0767221e-16
       4310.0000   2.9469747e-15   6.1111353e-16
       4320.0000   4.2195205e-15   6.5003498e-16
       4330.0000   3.8042449e-15   6.2277190e-16
       4340.0000   7.8408178e-15   6.1849419e-16
       4350.0000   3.9422346e-15   6.3044969e-16
       4360.0000   4.2242350e-15   8.2395750e-16
       4370.0000   4.2553077e-15   6.1954445e-16
       4380.0000   3.7929955e-15   6.1703673e-16
       4390.0000   4.1727675e-15   5.8903033e-16
       4400.0000   4.8201733e-15   5.9855893e-16
       4410.0000   4.9973973e-15   6.1447386e-16
       4420.0000   5.0129622e-15   6.0904677e-16
       4430.0000   4.9866761e-15   5.8726591e-16
       4440.0000   6.5748980e-15   5.8711125e-16
       4450.0000   6.1762924e-15   5.7819618e-16
       4460.0000   6.1666005e-15   5.5715549e-16
       4470.0000   6.5838358e-15   5.5341994e-16
       4480.0000   7.1980788e-15   5.4561636e-16
       4490.0000   7.1424491e-15   5.4727182e-16
       4500.0000   8.3967137e-15   5.5165406e-16
       4510.0000   6.8516443e-15   5.4713726e-16
       4520.0000   8.2332385e-15   5.5165969e-16
       4530.0000   7.9434103e-15   5.5150795e-16
       4540.0000   9.0282961e-15   5.5623646e-16
       4550.0000   8.1973739e-15   5.4242352e-16
       4560.0000   1.0272910e-14   5.3514221e-16
       4570.0000   1.0116580e-14   5.3491881e-16
       4580.0000   9.3495360e-15   5.3182381e-16
       4590.0000   8.8665378e-15   5.1868476e-16
       4600.0000   9.0461328e-15   5.1203277e-16
       4610.0000   1.0450114e-14   5.2202787e-16
       4620.0000   1.0428136e-14   5.1096389e-16
       4630.0000   8.2871934e-15   5.0898191e-16
       4640.0000   9.0822599e-15   5.0409154e-16
       4650.0000   9.2710602e-15   5.0265814e-16
       4660.0000   1.1729899e-14   5.2180456e-16
       4670.0000   7.9982751e-15   5.2453483e-16
       4680.0000   8.6175746e-15   5.1243364e-16
       4690.0000   1.0199579e-14   5.0965390e-16
       4700.0000   1.0805985e-14   5.0127803e-16
       4710.0000   1.0468585e-14   5.0445207e-16
       4720.0000   1.0103764e-14   5.0160665e-16
       4730.0000   1.0725265e-14   4.9038963e-16
       4740.0000   1.0740392e-14   4.9555497e-16
       4750.0000   1.2070354e-14   4.7903262e-16
       4760.0000   8.9724377e-15   4.6854990e-16
       4770.0000   6.6835293e-15   4.6377913e-16
       4780.0000   7.3787064e-15   4.7540861e-16
       4790.0000   9.2878076e-15   4.6310559e-16
       4800.0000   1.0113690e-14   4.6765537e-16
       4810.0000   6.9830350e-15   4.5772258e-16
       4820.0000   8.5351038e-15   4.8161365e-16
       4830.0000   9.3274164e-15   4.7800871e-16
       4840.0000   1.0405697e-14   4.8761229e-16
       4850.0000   8.0997683e-15   4.7207458e-16
       4860.0000   1.3237443e-14   4.7146389e-16
       4870.0000   1.0158051e-14   4.6339407e-16
       4880.0000   1.0935407e-14   4.7245440e-16
       4890.0000   1.1291347e-14   4.5779912e-16
       4900.0000   1.1227918e-14   4.5411956e-16
       4910.0000   1.3260043e-14   4.5164547e-16
       4920.0000   1.2587447e-14   4.3350654e-16
       4930.0000   1.4642318e-14   4.4450385e-16
       4940.0000   1.4668504e-14   4.4217785e-16
       4950.0000   1.6874262e-14   4.4789207e-16
       4960.0000   7.5847776e-15   4.4810597e-16
       4970.0000   1.0288768e-14   4.4453797e-16
       4980.0000   9.7880705e-15   4.7558418e-16
       4990.0000   1.0701807e-14   4.5260489e-16
       5000.0000   8.2810785e-15   4.2744779e-16
       5010.0000   9.8243989e-15   4.2370296e-16
       5020.0000   1.0658303e-14   4.2476040e-16
       5030.0000   1.1432322e-14   4.2234073e-16
       5040.0000   1.0936319e-14   4.0506130e-16
       5050.0000   1.0879170e-14   4.1437088e-16
       5060.0000   1.2258872e-14   4.1459601e-16
       5070.0000   1.2558631e-14   4.2433705e-16
       5080.0000   1.2222261e-14   4.2114772e-16
       5090.0000   1.2620094e-14   4.2172534e-16
       5100.0000   1.2382039e-14   4.2252161e-16
       5110.0000   1.2275362e-14   4.0309447e-16
       5120.0000   1.3254588e-14   4.0764181e-16
       5130.0000   1.2658288e-14   4.0385436e-16
       5140.0000   1.2997888e-14   4.0864221e-16
       5150.0000   1.2923180e-14   4.1323283e-16
       5160.0000   1.6042949e-14   4.0906959e-16
       5170.0000   6.1244425e-15   3.8534164e-16
       5180.0000   7.0693740e-15   3.9557346e-16
       5190.0000   1.1320562e-14   3.9831808e-16
       5200.0000   1.1624568e-14   4.4106875e-16
       5210.0000   9.1221674e-15   3.9533385e-16
       5220.0000   1.6175952e-14   4.0883919e-16
       5230.0000   1.7724673e-14   3.9924743e-16
       5240.0000   1.5250786e-14   4.1190095e-16
       5250.0000   1.5209684e-14   3.9728548e-16
       5260.0000   1.5540771e-14   3.9954937e-16
       5270.0000   1.2068433e-14   3.8007605e-16
       5280.0000   1.6340412e-14   3.9255614e-16
       5290.0000   1.8273991e-14   4.0500556e-16
       5300.0000   1.7306639e-14   3.9919065e-16
       5310.0000   1.8071940e-14   4.0414932e-16
       5320.0000   1.8029232e-14   4.0085503e-16
       5330.0000   1.7360121e-14   4.0014993e-16
       5340.0000   1.8205226e-14   4.0313081e-16
       5350.0000   1.9430385e-14   4.2475590e-16
       5360.0000   1.9062403e-14   4.0167883e-16
       5370.0000   1.8468460e-14   3.8778105e-16
       5380.0000   2.2627043e-14   3.9724866e-16
       5390.0000   2.2286005e-14   3.9958457e-16
       5400.0000   2.3907405e-14   3.9386256e-16
       5410.0000   1.9342578e-14   3.8927477e-16
       5420.0000   2.3489073e-14   3.9932060e-16
       5430.0000   2.0456568e-14   3.9263815e-16
       5440.0000   2.4852507e-14   4.0167841e-16
       5450.0000   1.2727643e-14   3.9043461e-16
       5460.0000   1.3391508e-14   6.6683692e-16
       5470.0000   1.6835090e-14   4.0065883e-16
       5480.0000   1.7209447e-14   3.9800997e-16
       5490.0000   1.8473811e-14   3.9884785e-16
       5500.0000   1.4194677e-14   3.9733910e-16
       5510.0000   1.3946109e-14   3.9386484e-16
       5520.0000   1.4079619e-14   4.0187596e-16
       5530.0000   1.3602060e-14   3.8777720e-16
       5540.0000   1.2452550e-14   3.8897676e-16
       5550.0000   1.3057085e-14   3.9538884e-16
       5560.0000   1.4957861e-14   3.9654154e-16
       5570.0000   1.7368715e-14   4.1131666e-16
       5580.0000   1.7202101e-14   1.3472002e-15
       5590.0000   1.8030491e-14   4.1015922e-16
       5600.0000   1.4779547e-14   3.8875351e-16
       5610.0000   1.6487616e-14   3.9326332e-16
       5620.0000   1.5413284e-14   3.9360240e-16
       5630.0000   1.4346737e-14   3.9286465e-16
       5640.0000   1.5733291e-14   4.0390721e-16
       5650.0000   1.8150260e-14   4.0400841e-16
       5660.0000   1.8158428e-14   4.1898333e-16
       5670.0000   1.6185602e-14   4.3314288e-16
       5680.0000   1.8934045e-14   4.4176500e-16
       5690.0000   1.8772210e-14   5.1525607e-16
       5700.0000   2.0760495e-14   4.4642754e-16
       5710.0000   2.1863048e-14   4.2857841e-16
       5720.0000   2.0256106e-14   4.2139522e-16
       5730.0000   2.1723682e-14   4.1687675e-16
       5740.0000   2.1955043e-14   4.1929089e-16
       5750.0000   2.4744654e-14   4.2801544e-16
       5760.0000   2.0326887e-14   4.3823185e-16
       5770.0000   2.0326648e-14   5.2772693e-16
       5780.0000   2.1136871e-14   4.5194016e-16
       5790.0000   2.1923425e-14   5.5758985e-16
       5800.0000   2.4983966e-14   4.8641442e-16
       5810.0000   2.3735862e-14   5.0427294e-16
       5820.0000   1.8553564e-14   5.0401855e-16
       5830.0000   2.1026804e-14   5.0996300e-16
       5840.0000   1.9636226e-14   5.1450209e-16
       5850.0000   1.6269631e-14   4.9881055e-16
       5860.0000   1.6671207e-14   4.8280597e-16
       5870.0000   1.4810508e-14   4.8752078e-16
       5880.0000   1.1794660e-14   4.3364875e-16
       5890.0000   5.6343615e-15   1.0515277e-15
       5900.0000   8.8840998e-15   4.3962879e-16
       5910.0000   1.2089942e-14   4.1244350e-16
       5920.0000   1.2713252e-14   4.1024320e-16
       5930.0000   1.3391903e-14   4.1742437e-16
       5940.0000   1.4789118e-14   4.0007738e-16
       5950.0000   1.3579656e-14   3.9618359e-16
       5960.0000   1.4070701e-14   3.8329319e-16
       5970.0000   1.4983025e-14   3.9035587e-16
       5980.0000   1.5751126e-14   3.7809770e-16
       5990.0000   1.6689254e-14   3.7005716e-16
       6000.0000   1.7483763e-14   3.6817011e-16
       6010.0000   1.7353924e-14   3.5879747e-16
       6020.0000   1.8304028e-14   3.4949790e-16
       6030.0000   1.8978464e-14   3.5497474e-16
       6040.0000   1.9591055e-14   3.4145496e-16
       6050.0000   2.1984952e-14   3.4208351e-16
       6060.0000   2.2446466e-14   3.3333794e-16
       6070.0000   2.3178278e-14   3.2506702e-16
       6080.0000   2.0186334e-14   3.1429680e-16
       6090.0000   2.1853164e-14   3.0218888e-16
       6100.0000   2.2950627e-14   2.9758832e-16
       6110.0000   2.2099040e-14   2.9642443e-16
       6120.0000   2.0780435e-14   2.8867790e-16
       6130.0000   2.3340046e-14   2.9040624e-16
       6140.0000   2.2960247e-14   3.0587212e-16
       6150.0000   1.8996270e-14   2.9974388e-16
       6160.0000   1.3462751e-14   3.2051255e-16
       6170.0000   1.3200432e-14   3.1524051e-16
       6180.0000   1.3550087e-14   2.8873989e-16
       6190.0000   1.1492727e-14   2.9049857e-16
       6200.0000   1.2193308e-14   2.9453015e-16
       6210.0000   1.2990762e-14   2.8911657e-16
       6220.0000   1.1219247e-14   2.9176438e-16
       6230.0000   1.0309464e-14   2.6912439e-16
       6240.0000   1.0906147e-14   3.0925824e-16
       6250.0000   1.1779675e-14   2.6093278e-16
       6260.0000   1.3256822e-14   3.1565348e-16
       6270.0000   1.4427445e-14   2.5636331e-16
       6280.0000   1.5029180e-14   2.4751806e-16
       6290.0000   1.7715251e-14   2.7354878e-16
       6300.0000   2.0120631e-14   1.0139730e-15
       6310.0000   2.1238980e-14   2.6166233e-16
       6320.0000   2.3566194e-14   2.6427406e-16
       6330.0000   2.4433272e-14   3.1788706e-16
       6340.0000   2.7194566e-14   2.4779576e-16
       6350.0000   2.7984472e-14   2.6700045e-16
       6360.0000   2.4680929e-14   2.9004967e-16
       6370.0000   2.5087956e-14   2.4248419e-16
       6380.0000   2.2548473e-14   2.5556912e-16
       6390.0000   2.3336558e-14   2.4469477e-16
       6400.0000   2.8477702e-14   2.4288260e-16
       6410.0000   3.0900428e-14   2.4138824e-16
       6420.0000   2.9122827e-14   2.5190273e-16
       6430.0000   3.0871426e-14   2.3507541e-16
       6440.0000   3.0224013e-14   2.3554898e-16
       6450.0000   3.1216187e-14   2.3802698e-16
       6460.0000   3.4811388e-14   2.4458672e-16
       6470.0000   3.7008925e-14   2.8258225e-16
       6480.0000   3.5340225e-14   2.4436415e-16
       6490.0000   3.5167633e-14   2.3794129e-16
       6500.0000   3.6288226e-14   3.0745325e-16
       6510.0000   4.0722148e-14   2.4631029e-16
       6520.0000   4.2137249e-14   2.5707352e-16
       6530.0000   4.4993036e-14   2.6805692e-16
       6540.0000   4.9192857e-14   2.5978211e-16
       6550.0000   4.0662634e-14   2.6045344e-16
       6560.0000   4.6206870e-14   2.6898099e-16
       6570.0000   3.6765376e-14   2.6315631e-16
       6580.0000   3.4318581e-14   2.6088227e-16
       6590.0000   3.9472073e-14   2.4354198e-16
       6600.0000   3.5729019e-14   2.4030629e-16
       6610.0000   3.6560449e-14   2.3314282e-16
       6620.0000   3.3218056e-14   2.2865190e-16
       6630.0000   3.2128774e-14   2.3011400e-16
       6640.0000   3.0589738e-14   2.2248329e-16
       6650.0000   2.7008437e-14   2.1714029e-16
       6660.0000   2.6485889e-14   2.1779957e-16
       6670.0000   2.9916065e-14   2.1919126e-16
       6680.0000   2.5101849e-14   2.1137960e-16
       6690.0000   2.4637217e-14   2.0913214e-16
       6700.0000   2.5632955e-14   2.1525777e-16
       6710.0000   2.6673003e-14   2.1602485e-16
       6720.0000   1.9997541e-14   2.0490503e-16
       6730.0000   2.3096923e-14   2.1002406e-16
       6740.0000   2.4447896e-14   2.1279142e-16
       6750.0000   2.1356973e-14   2.0694827e-16
       6760.0000   2.3771470e-14   2.0837515e-16
       6770.0000   2.6483557e-14   2.1296955e-16
       6780.0000   2.5882889e-14   2.1149634e-16
       6790.0000   2.2765450e-14   2.1154323e-16
       6800.0000   2.4032536e-14   2.1098278e-16
       6810.0000   2.4659595e-14   2.1475504e-16
       6820.0000   2.4508843e-14   2.1308742e-16
       6830.0000   2.5612619e-14   3.3424777e-16
       6840.0000   2.6335976e-14   2.3453660e-16
       6850.0000   2.4652428e-14   2.1608117e-16
       6860.0000   2.4571674e-14   2.3500017e-16
       6870.0000   2.4778333e-14   3.0334230e-16
       6880.0000   2.8008582e-14   2.4611905e-16
       6890.0000   2.7265263e-14   2.7846047e-16
       6900.0000   2.6602137e-14   2.7314068e-16
       6910.0000   3.0951986e-14   2.4876082e-16
       6920.0000   2.7902504e-14   2.4622451e-16
       6930.0000   3.4784069e-14   2.2232245e-16
       6940.0000   3.8191688e-14   2.8526871e-16
       6950.0000   4.2683494e-14   3.4956710e-16
       6960.0000   4.0015225e-14   2.2439971e-16
       6970.0000   4.1915320e-14   2.6224814e-16
       6980.0000   4.5010620e-14   2.8679865e-16
       6990.0000   4.4644392e-14   2.3155486e-16
       7000.0000   4.6467643e-14   2.3973831e-16
       7010.0000   4.7533611e-14   2.6381896e-16
       7020.0000   5.3303357e-14   2.3479891e-16
       7030.0000   5.8531801e-14   2.4222734e-16
       7040.0000   6.5184536e-14   2.5185715e-16
       7050.0000   6.7989191e-14   2.7561014e-16
       7060.0000   3.5044457e-14   2.2010175e-16
       7070.0000   4.0886390e-14   2.3105040e-16
       7080.0000   4.4379298e-14   2.3255269e-16
       7090.0000   2.6236131e-14   2.2202758e-16
       7100.0000   3.0866388e-14   2.0813985e-16
       7110.0000   3.7799807e-14   2.1296444e-16
       7120.0000   4.1511660e-14   2.0987878e-16
       7130.0000   2.4151722e-14   2.0390473e-16
       7140.0000   2.4717283e-14   2.1325156e-16
       7150.0000   2.8330747e-14   2.1218964e-16
       7160.0000   2.8312295e-14   2.0878056e-16
       7170.0000   3.2428426e-14   2.1775148e-16
       7180.0000   3.4637177e-14   2.2454469e-16
       7190.0000   3.8875919e-14   2.2310993e-16
       7200.0000   3.2687895e-14   2.2367446e-16
       7210.0000   3.4989151e-14   2.1554959e-16
       7220.0000   3.9778601e-14   2.2301666e-16
       7230.0000   4.1653426e-14   2.3429532e-16
       7240.0000   4.4742997e-14   4.8822293e-16
       7250.0000   5.1164938e-14   2.8431572e-16
       7260.0000   5.2227525e-14   2.5284602e-16
       7270.0000   5.2948901e-14   2.6730923e-16
       7280.0000   5.5038289e-14   3.4159485e-16
       7290.0000   6.0681873e-14   2.7943281e-16
       7300.0000   6.3534773e-14   2.8244421e-16
       7310.0000   6.6669230e-14   2.8206716e-16
       7320.0000   7.0416606e-14   3.2188648e-16
       7330.0000   7.2916367e-14   3.9669208e-16
       7340.0000   7.7626341e-14   5.8348617e-16
       7350.0000   7.7284234e-14   2.9096769e-16
       7360.0000   7.8414871e-14   3.7424387e-16
       7370.0000   8.1734103e-14   5.1484255e-16
       7380.0000   8.3375172e-14   2.7818756e-16
       7390.0000   8.4630717e-14   3.3433562e-16
       7400.0000   8.5099321e-14   3.9460319e-16
       7410.0000   8.5996117e-14   2.7468162e-16
       7420.0000   8.5977314e-14   2.7047893e-16
       7430.0000   8.8969512e-14   3.2634936e-16
       7440.0000   8.9154073e-14   3.3659508e-16
       7450.0000   8.7356703e-14   2.6633007e-16
       7460.0000   8.8600360e-14   2.7909691e-16
       7470.0000   9.2041367e-14   3.1607243e-16
       7480.0000   9.0188420e-14   3.4287807e-16
       7490.0000   8.9920981e-14   2.7289358e-16
       7500.0000   9.4917155e-14   2.7336280e-16
       7510.0000   9.5100881e-14   2.6756712e-16
       7520.0000   9.3462740e-14   3.0610242e-16
       7530.0000   9.5238625e-14   3.3021992e-16
       7540.0000   1.0028371e-13   2.9323472e-16
       7550.0000   9.9656254e-14   2.7497010e-16
       7560.0000   9.9708801e-14   2.9682130e-16
       7570.0000   9.9045582e-14   3.7822953e-16
       7580.0000   1.0207663e-13   2.7966418e-16
       7590.0000   7.4953621e-14   2.6529722e-16
       7600.0000   8.1025559e-14   7.3763705e-16
       7610.0000   8.1434934e-14   5.4039526e-16
       7620.0000   9.1122624e-14   3.6273830e-16
       7630.0000   6.8199783e-14   4.9663839e-16
       7640.0000   7.1424345e-14   3.5385429e-16
       7650.0000   7.0815846e-14   3.2271739e-16
       7660.0000   6.2530125e-14   3.1370279e-16
       7670.0000   5.2133534e-14   2.5338102e-16
       7680.0000   5.9511724e-14   2.5767985e-16
       7690.0000   6.2558713e-14   2.7565443e-16
       7700.0000   3.8767402e-14   2.8870661e-16
       7710.0000   6.1926223e-14   3.9491477e-16
       7720.0000   6.4934550e-14   3.6892781e-16
       7730.0000   7.0968918e-14   2.8061425e-16
       7740.0000   7.4071437e-14   2.7957849e-16
       7750.0000   5.9947268e-14   6.7004591e-16
       7760.0000   6.4571493e-14   4.3683163e-16
       7770.0000   6.7559009e-14   2.9463973e-16
       7780.0000   6.8204027e-14   3.7539922e-16
       7790.0000   6.6541508e-14   3.2807470e-16
       7800.0000   6.5917883e-14   2.7498201e-16
       7810.0000   7.4794151e-14   3.9912593e-16
       7820.0000   7.5470216e-14   6.4290705e-16
       7830.0000   6.5843196e-14   2.8172937e-16
       7840.0000   7.2118356e-14   4.1055273e-16
       7850.0000   7.5977252e-14   4.4382896e-16
       7860.0000   7.5910483e-14   4.6525831e-16
       7870.0000   7.6297500e-14   5.1279864e-16
       7880.0000   8.1130981e-14   4.4066918e-16
       7890.0000   8.4021003e-14   5.3856899e-16
       7900.0000   8.0827018e-14   3.0063917e-16
       7910.0000   7.6185832e-14   4.2860417e-16
       7920.0000   8.0349645e-14   5.3610532e-16
       7930.0000   8.4757450e-14   4.5474310e-16
       7940.0000   8.4007549e-14   3.1069543e-16
       7950.0000   8.4382221e-14   4.2477730e-16
       7960.0000   8.5792739e-14   3.3476452e-16
       7970.0000   9.2117573e-14   3.4629825e-16
       7980.0000   9.1058164e-14   4.9338507e-16
       7990.0000   9.1966458e-14   4.5366359e-16
       8000.0000   9.2066545e-14   3.3036267e-16
       8010.0000   9.5832569e-14   3.3682515e-16
       8020.0000   9.7690269e-14   3.5409997e-16
       8030.0000   1.0052214e-13   3.8761658e-16
       8040.0000   1.0129771e-13   3.2454637e-16
       8050.0000   1.0475999e-13   3.8610082e-16
       8060.0000   1.0907152e-13   4.3697675e-16
       8070.0000   1.0567216e-13   3.2515857e-16
       8080.0000   1.1104247e-13   3.3540712e-16
       8090.0000   1.1309609e-13   3.3782981e-16
       8100.0000   1.1218711e-13   3.7146623e-16
       8110.0000   1.1407819e-13   3.4259029e-16
       8120.0000   1.1617813e-13   3.3632124e-16
       8130.0000   1.1715038e-13   3.4581437e-16
       8140.0000   1.1823346e-13   3.7014682e-16
       8150.0000   1.1660132e-13   3.6026254e-16
       8160.0000   1.1478537e-13   3.5736506e-16
       8170.0000   1.1622838e-13   3.6001881e-16
       8180.0000   1.0020001e-13   3.8846146e-16
       8190.0000   1.0359877e-13   3.9937827e-16
       8200.0000   1.0156112e-13   3.7431515e-16
       8210.0000   1.1131836e-13   3.6028137e-16
       8220.0000   1.1151387e-13   3.5430932e-16
       8230.0000   1.1670850e-13   3.9164641e-16
       8240.0000   1.2026302e-13   3.7081683e-16
       8250.0000   1.2110870e-13   3.7705136e-16
       8260.0000   1.1956379e-13   3.6850047e-16
       8270.0000   1.1828885e-13   3.6942522e-16
       8280.0000   1.1469173e-13   6.2601309e-16
       8290.0000   1.0791783e-13   6.2661447e-16
       8300.0000   1.1021826e-13   7.0610175e-16
       8310.0000   1.1327510e-13   5.3154816e-16
       8320.0000   1.0894272e-13   3.7864478e-16
       8330.0000   1.1147166e-13   3.6937725e-16
       8340.0000   1.1239267e-13   5.0218623e-16
       8350.0000   1.1097689e-13   5.5687281e-16
       8360.0000   1.1234305e-13   4.1035448e-16
       8370.0000   1.1473138e-13   3.8157361e-16
       8380.0000   1.0806166e-13   5.3786070e-16
       8390.0000   1.0487549e-13   3.8096881e-16
       8400.0000   1.1167842e-13   1.2601547e-15
       8410.0000   1.0876477e-13   3.9432075e-16
       8420.0000   1.0702249e-13   3.9921907e-16
       8430.0000   1.1151346e-13   1.2462263e-15
       8440.0000   1.0240710e-13   3.7443049e-16
       8450.0000   9.6765808e-14   5.4032880e-16
       8460.0000   9.2898283e-14   3.9912392e-16
       8470.0000   8.9062122e-14   4.2307785e-16
       8480.0000   9.3213325e-14   3.6933556e-16
       8490.0000   9.8002542e-14   4.2550875e-16
       8500.0000   9.2844287e-14   4.1038138e-16
       8510.0000   9.3151442e-14   3.9397720e-16
       8520.0000   9.1160898e-14   3.8319025e-16
       8530.0000   9.4937646e-14   3.7877975e-16
       8540.0000   8.9103856e-14   4.5185295e-16
       8550.0000   1.0160834e-13   5.5265997e-16
       8560.0000   9.7284605e-14   3.8497979e-16
       8570.0000   1.0098681e-13   3.9767381e-16
       8580.0000   1.0233630e-13   3.9957954e-16
       8590.0000   1.0236256e-13   4.3840407e-16
       8600.0000   1.0409601e-13   4.3963094e-16
       8610.0000   1.0475295e-13   4.4782307e-16
       8620.0000   1.0587471e-13   6.0719661e-16
       8630.0000   1.0473864e-13   7.2113647e-16
       8640.0000   1.0633055e-13   5.6087533e-16
       8650.0000   1.0627843e-13   6.5774659e-16
       8660.0000   9.7261610e-14   7.1548009e-16
       8670.0000   1.0924560e-13   6.5823284e-16
       8680.0000   1.0970618e-13   5.5604318e-16
       8690.0000   9.8193455e-14   4.7336286e-16
       8700.0000   1.0503967e-13   4.8338881e-16
       8710.0000   1.0374123e-13   4.6284327e-16
       8720.0000   1.0519666e-13   4.5259386e-16
       8730.0000   1.0860422e-13   4.5557675e-16
       8740.0000   1.0920407e-13   4.7119907e-16
       8750.0000   1.1042402e-13   4.6909684e-16
       8760.0000   1.1844858e-13   9.7684562e-16
       8770.0000   1.1531355e-13   8.4748224e-16
       8780.0000   1.1318778e-13   9.5061534e-16
       8790.0000   1.1884331e-13   7.5249709e-16
       8800.0000   1.1227706e-13   4.8527108e-16
       8810.0000   1.1770469e-13   5.1936739e-16
       8820.0000   1.1979665e-13   5.0906126e-16
       8830.0000   1.2020247e-13   1.1272450e-15
       8840.0000   1.2084318e-13   6.4436034e-16
       8850.0000   1.1971696e-13   7.0540559e-16
       8860.0000   1.0610629e-13   5.0159657e-16
       8870.0000   1.0248280e-13   7.4569059e-16
       8880.0000   1.1034856e-13   5.7062554e-16
       8890.0000   1.1345532e-13   7.4845531e-16
       8900.0000   1.1244754e-13   7.3720163e-16
       8910.0000   1.1387936e-13   5.3402093e-16
       8920.0000   1.2245576e-13   2.0852096e-15
       8930.0000   1.1642776e-13   5.4420555e-16
       8940.0000   1.1307531e-13   7.2688161e-16
       8950.0000   1.1294368e-13   5.3141344e-16
       8960.0000   1.1595700e-13   1.4734019e-15
       8970.0000   1.1278701e-13   5.5646733e-16
       8980.0000   1.1416363e-13   5.5102483e-16
       8990.0000   1.0067896e-13   7.7959349e-16
       9000.0000   1.1112748e-13   1.2759410e-15
       9010.0000   1.1464877e-13   5.3318659e-16
       9020.0000   1.1710122e-13   5.5051301e-16
       9030.0000   1.2115416e-13   5.5752060e-16
       9040.0000   1.3065071e-13   6.9727909e-16
       9050.0000   1.3229632e-13   9.5892353e-16
       9060.0000   1.2278347e-13   5.6109084e-16
       9070.0000   1.1317385e-13   5.6967763e-16
       9080.0000   1.1831558e-13   5.4854841e-16
       9090.0000   1.1880222e-13   6.1883610e-16
       9100.0000   1.2026535e-13   6.7213243e-16
       9110.0000   1.2997094e-13   5.8352785e-16
       9120.0000   1.2492578e-13   5.6854522e-16
       9130.0000   1.1937392e-13   5.7096920e-16
       9140.0000   1.2856170e-13   5.9465211e-16
       9150.0000   1.2444586e-13   6.4847491e-16
       9160.0000   1.3293290e-13   7.1493741e-16
       9170.0000   1.3195162e-13   6.2782087e-16
       9180.0000   1.3499650e-13   6.1065118e-16
       9190.0000   1.3674890e-13   4.6254260e-16
       9200.0000   1.3743082e-13   3.0175446e-15
       9210.0000   1.4997409e-13   1.0885403e-15
       9220.0000   1.5362365e-13   4.0813459e-16
       9230.0000   1.5291245e-13   3.3994384e-16
       9240.0000   1.5220125e-13   2.7175309e-16
       9250.0000   1.5146412e-13   2.2718269e-16
       9260.0000   1.5057891e-13   3.1749280e-16
       9270.0000   1.4969370e-13   4.0780291e-16
       9280.0000   1.4880850e-13   4.9811302e-16
       9290.0000   1.4820566e-13   5.1807865e-16
       9300.0000   1.4778414e-13   4.9287761e-16
       9310.0000   1.4736261e-13   4.6767658e-16
       9320.0000   1.4693511e-13   4.4242296e-16
       9330.0000   1.4639646e-13   4.1619031e-16
       9340.0000   1.4585781e-13   3.8995766e-16
       9350.0000   1.4531916e-13   3.6372501e-16
       9360.0000   1.4546338e-13   3.6268240e-16
       9370.0000   1.4635618e-13   3.8925343e-16
       9380.0000   1.4724898e-13   4.1582446e-16
       9390.0000   1.4814177e-13   4.4239548e-16
       9400.0000   1.4903713e-13   5.9830096e-16
       9410.0000   1.4993281e-13   7.7084186e-16
       9420.0000   1.5082849e-13   9.4338277e-16
       9430.0000   1.5177903e-13   1.0317538e-15
       9440.0000   1.5287208e-13   9.0144894e-16
       9450.0000   1.5396513e-13   7.7114405e-16
       9460.0000   1.5505818e-13   6.4083916e-16
       9470.0000   1.5628216e-13   6.8449982e-16
       9480.0000   1.5757541e-13   8.2019571e-16
       9490.0000   1.5886866e-13   9.5589160e-16
       9500.0000   1.6014410e-13   1.0878213e-15
       9510.0000   1.6006557e-13   9.3354597e-16
       9520.0000   1.5998705e-13   7.7927068e-16
       9530.0000   1.5990853e-13   6.2499539e-16
       9540.0000   1.5983682e-13   5.7516114e-16
       9550.0000   1.5977744e-13   7.1421450e-16
       9560.0000   1.5971806e-13   8.5326786e-16
       9570.0000   1.5965869e-13   9.9232121e-16
       9580.0000   1.5941950e-13   9.8449856e-16
       9590.0000   1.5909650e-13   9.0820107e-16
       9600.0000   1.5877349e-13   8.3190357e-16
       9610.0000   1.5845049e-13   7.5560608e-16
       9620.0000   1.5846265e-13   7.0214993e-16
       9630.0000   1.5847719e-13   6.4885552e-16
       9640.0000   1.5849173e-13   5.9556110e-16
       9650.0000   1.5851188e-13   5.7893741e-16
       9660.0000   1.5854581e-13   6.5254676e-16
       9670.0000   1.5857973e-13   7.2615610e-16
       9680.0000   1.5861366e-13   7.9976544e-16
       9690.0000   1.5869132e-13   8.1145075e-16
       9700.0000   1.5880223e-13   7.7603291e-16
       9710.0000   1.5891314e-13   7.4061507e-16
       9720.0000   1.5902405e-13   7.0519723e-16
       9730.0000   1.5925644e-13   6.4492920e-16
       9740.0000   1.5951319e-13   5.7967949e-16
       9750.0000   1.5976993e-13   5.1442977e-16
       9760.0000   1.6001977e-13   4.5560398e-16
       9770.0000   1.6019225e-13   4.6866488e-16
       9780.0000   1.6036473e-13   4.8172578e-16
       9790.0000   1.6053721e-13   4.9478668e-16
       9800.0000   1.6062057e-13   4.9066251e-16
       9810.0000   1.6051101e-13   4.4934294e-16
       9820.0000   1.6040145e-13   4.0802338e-16
       9830.0000   1.6029189e-13   3.6670381e-16
       9840.0000   1.5944011e-13   3.7582999e-16
       9850.0000   1.5794312e-13   4.2880842e-16
       9860.0000   1.5644612e-13   4.8178685e-16
       9870.0000   1.5494913e-13   5.3476528e-16
       9880.0000   1.5349056e-13   5.1594548e-16
       9890.0000   1.5204549e-13   4.7190440e-16
       9900.0000   1.5060042e-13   4.2786331e-16
       9910.0000   1.4915535e-13   3.8382223e-16
       9920.0000   1.4810349e-13   5.0211348e-16
       9930.0000   1.4708123e-13   6.3262696e-16
       9940.0000   1.4605897e-13   7.6314045e-16
       9950.0000   1.4526141e-13   8.7535742e-16
       9960.0000   1.4635984e-13   8.3319234e-16
       9970.0000   1.4745828e-13   7.9102726e-16
       9980.0000   1.4855671e-13   7.4886219e-16
       9990.0000   1.4953807e-13   6.9499753e-16
       10000.000   1.5019981e-13   6.0918814e-16
       10010.000   1.5086155e-13   5.2337875e-16
       10020.000   1.5152328e-13   4.3756935e-16
       10030.000   1.5222536e-13   4.0559912e-16
       10040.000   1.5298315e-13   4.4800203e-16
       10050.000   1.5374094e-13   4.9040495e-16
       10060.000   1.5449873e-13   5.3280787e-16
       10070.000   1.5516547e-13   5.3771830e-16
       10080.000   1.5575768e-13   5.1194095e-16
       10090.000   1.5634989e-13   4.8616361e-16
       10100.000   1.5694210e-13   4.6038626e-16
       10110.000   1.5727597e-13   4.4930517e-16
       10120.000   1.5748261e-13   4.4546190e-16
       10130.000   1.5768926e-13   4.4161863e-16
       10140.000   1.5789590e-13   4.3777536e-16
       10150.000   1.5756286e-13   4.7820177e-16
       10160.000   1.5707759e-13   5.3111592e-16
       10170.000   1.5659232e-13   5.8403006e-16
       10180.000   1.5610704e-13   6.3694421e-16
       10190.000   1.5596427e-13   6.7406842e-16
       10200.000   1.5587267e-13   7.0883363e-16
       10210.000   1.5578107e-13   7.4359883e-16
       10220.000   1.5568947e-13   7.7836404e-16
       10230.000   1.5563157e-13   7.7002029e-16
       10240.000   1.5557507e-13   7.5987851e-16
       10250.000   1.5551858e-13   7.4973674e-16
       10260.000   1.5546251e-13   7.3947279e-16
       10270.000   1.5542724e-13   7.2322877e-16
       10280.000   1.5539196e-13   7.0698474e-16
       10290.000   1.5535668e-13   6.9074071e-16
       10300.000   1.5534858e-13   6.8251175e-16
       10310.000   1.5565309e-13   7.6648053e-16
       10320.000   1.5595760e-13   8.5044930e-16
       10330.000   1.5626210e-13   9.3441808e-16
       10340.000   1.5661708e-13   9.8974329e-16
       10350.000   1.5730990e-13   8.5334387e-16
       10360.000   1.5800273e-13   7.1694444e-16
       10370.000   1.5869555e-13   5.8054502e-16
       10380.000   1.5938838e-13   4.7811700e-16
       10390.000   1.6008126e-13   5.5409069e-16
       10400.000   1.6077415e-13   6.3006437e-16
       10410.000   1.6146703e-13   7.0603806e-16
       10420.000   1.6210410e-13   7.4403678e-16
       10430.000   1.6248685e-13   6.0901552e-16
       10440.000   1.6286960e-13   4.7399426e-16
       10450.000   1.6325235e-13   3.3897300e-16
       10460.000   1.6354940e-13   2.4644859e-16
       10470.000   1.6348118e-13   3.3504899e-16
       10480.000   1.6341296e-13   4.2364938e-16
       10490.000   1.6334474e-13   5.1224977e-16
       10500.000   1.6325918e-13   5.7691909e-16
       10510.000   1.6309460e-13   5.3262676e-16
       10520.000   1.6293003e-13   4.8833442e-16
       10530.000   1.6276546e-13   4.4404209e-16
       10540.000   1.6260501e-13   4.1490985e-16
       10550.000   1.6246464e-13   4.5978433e-16
       10560.000   1.6232428e-13   5.0465881e-16
       10570.000   1.6218391e-13   5.4953329e-16
       10580.000   1.6210547e-13   5.8420729e-16
       10590.000   1.6237791e-13   5.6107858e-16
       10600.000   1.6265036e-13   5.3794987e-16
       10610.000   1.6292280e-13   5.1482116e-16
       10620.000   1.6322284e-13   4.9160440e-16
       10630.000   1.6374625e-13   4.6767504e-16
       10640.000   1.6426966e-13   4.4374568e-16
       10650.000   1.6479307e-13   4.1981632e-16
       10660.000   1.6529909e-13   3.9794406e-16
       10670.000   1.6553239e-13   4.0832207e-16
       10680.000   1.6576569e-13   4.1870008e-16
       10690.000   1.6599900e-13   4.2907810e-16
       10700.000   1.6623348e-13   4.3963525e-16
       10710.000   1.6658483e-13   4.6799800e-16
       10720.000   1.6693618e-13   4.9636075e-16
       10730.000   1.6728753e-13   5.2472349e-16
       10740.000   1.6763888e-13   5.5308624e-16
       10750.000   1.6801019e-13   5.3740247e-16
       10760.000   1.6838278e-13   5.1890917e-16
       10770.000   1.6875537e-13   5.0041587e-16
       10780.000   1.6912796e-13   4.8192257e-16
       10790.000   1.6955410e-13   4.9270824e-16
       10800.000   1.6998897e-13   5.0826180e-16
       10810.000   1.7042384e-13   5.2381537e-16
       10820.000   1.7085871e-13   5.3936893e-16
       10830.000   1.7145833e-13   5.3337813e-16
       10840.000   1.7210438e-13   5.2131349e-16
       10850.000   1.7275044e-13   5.0924884e-16
       10860.000   1.7339650e-13   4.9718420e-16
       10870.000   1.7345898e-13   5.2839979e-16
       10880.000   1.7324680e-13   5.7998438e-16
       10890.000   1.7303462e-13   6.3156897e-16
       10900.000   1.7282244e-13   6.8315356e-16
       10910.000   1.7240349e-13   7.1332627e-16
       10920.000   1.7183478e-13   7.2799259e-16
       10930.000   1.7126608e-13   7.4265890e-16
       10940.000   1.7069737e-13   7.5732522e-16
       10950.000   1.7053290e-13   7.2740316e-16
       10960.000   1.7084303e-13   6.4512999e-16
       10970.000   1.7115316e-13   5.6285682e-16
       10980.000   1.7146330e-13   4.8058365e-16
       10990.000   1.7152850e-13   4.3783254e-16
       11000.000   1.7111834e-13   4.7178737e-16
       11010.000   1.7070817e-13   5.0574220e-16
       11020.000   1.7029801e-13   5.3969704e-16
       11030.000   1.6983769e-13   5.7963033e-16
       11040.000   1.6918863e-13   6.4205934e-16
       11050.000   1.6853956e-13   7.0448836e-16
       11060.000   1.6789050e-13   7.6691737e-16
       11070.000   1.6728445e-13   8.2398598e-16
       11080.000   1.6735266e-13   7.9701676e-16
       11090.000   1.6742087e-13   7.7004754e-16
       11100.000   1.6748908e-13   7.4307833e-16
       11110.000   1.6755729e-13   7.1610911e-16
       11120.000   1.6766285e-13   6.9183760e-16
       11130.000   1.6777167e-13   6.6780092e-16
       11140.000   1.6788048e-13   6.4376424e-16
       11150.000   1.6798929e-13   6.1972756e-16
       11160.000   1.6786684e-13   6.4091052e-16
       11170.000   1.6767139e-13   6.7636879e-16
       11180.000   1.6747593e-13   7.1182705e-16
       11190.000   1.6728048e-13   7.4728532e-16
       11200.000   1.6713976e-13   7.8374479e-16
       11210.000   1.6703708e-13   8.2090018e-16
       11220.000   1.6693439e-13   8.5805558e-16
       11230.000   1.6683171e-13   8.9521098e-16
       11240.000   1.6672407e-13   8.7446864e-16
       11250.000   1.6660956e-13   7.7377870e-16
       11260.000   1.6649505e-13   6.7308876e-16
       11270.000   1.6638055e-13   5.7239881e-16
       11280.000   1.6594789e-13   4.9124772e-16
       11290.000   1.6450744e-13   4.7198950e-16
       11300.000   1.6306699e-13   4.5273129e-16
       11310.000   1.6162654e-13   4.3347308e-16
       11320.000   1.6018649e-13   4.1188442e-16
       11330.000   1.5875415e-13   3.4601728e-16
       11340.000   1.5732181e-13   2.8015013e-16
       11350.000   1.5588947e-13   2.1428299e-16
       11360.000   1.5445712e-13   1.4841584e-16
       11370.000   1.5373672e-13   1.8123701e-16
       11380.000   1.5313216e-13   2.3011590e-16
       11390.000   1.5252760e-13   2.7899479e-16
       11400.000   1.5192304e-13   3.2787368e-16
       11410.000   1.5234618e-13   4.0052747e-16
       11420.000   1.5329860e-13   4.8542575e-16
       11430.000   1.5425101e-13   5.7032402e-16
       11440.000   1.5520343e-13   6.5522230e-16
       11450.000   1.5653366e-13   6.7915848e-16
       11460.000   1.5832565e-13   6.2858545e-16
       11470.000   1.6011764e-13   5.7801241e-16
       11480.000   1.6190964e-13   5.2743937e-16
       11490.000   1.6343240e-13   4.9858899e-16
       11500.000   1.6410278e-13   5.3851228e-16
       11510.000   1.6477316e-13   5.7843556e-16
       11520.000   1.6544354e-13   6.1835885e-16
       11530.000   1.6609522e-13   6.5624606e-16
       11540.000   1.6583192e-13   5.9446440e-16
       11550.000   1.6556862e-13   5.3268275e-16
       11560.000   1.6530532e-13   4.7090110e-16
       11570.000   1.6504202e-13   4.0911944e-16
       11580.000   1.6475758e-13   4.3528214e-16
       11590.000   1.6446753e-13   4.8481694e-16
       11600.000   1.6417748e-13   5.3435174e-16
       11610.000   1.6388743e-13   5.8388654e-16
       11620.000   1.6338488e-13   5.7465739e-16
       11630.000   1.6271535e-13   5.1924925e-16
       11640.000   1.6204581e-13   4.6384110e-16
       11650.000   1.6137627e-13   4.0843296e-16
       11660.000   1.6076149e-13   3.8412244e-16
       11670.000   1.6026312e-13   4.2591811e-16
       11680.000   1.5976475e-13   4.6771378e-16
       11690.000   1.5926638e-13   5.0950945e-16
       11700.000   1.5876566e-13   5.4183038e-16
       11710.000   1.5823799e-13   4.6530738e-16
       11720.000   1.5771032e-13   3.8878438e-16
       11730.000   1.5718265e-13   3.1226137e-16
       11740.000   1.5665498e-13   2.3573837e-16
       11750.000   1.5656370e-13   2.7183293e-16
       11760.000   1.5656182e-13   3.3099693e-16
       11770.000   1.5655994e-13   3.9016093e-16
       11780.000   1.5655806e-13   4.4932493e-16
       11790.000   1.5656886e-13   5.4034784e-16
       11800.000   1.5658885e-13   6.5443360e-16
       11810.000   1.5660883e-13   7.6851936e-16
       11820.000   1.5662881e-13   8.8260512e-16
       11830.000   1.5675157e-13   9.2012290e-16
       11840.000   1.5709271e-13   7.9494833e-16
       11850.000   1.5743384e-13   6.6977376e-16
       11860.000   1.5777497e-13   5.4459919e-16
       11870.000   1.5807383e-13   4.2588329e-16
       11880.000   1.5756953e-13   4.2988214e-16
       11890.000   1.5706523e-13   4.3388098e-16
       11900.000   1.5656093e-13   4.3787982e-16
       11910.000   1.5605663e-13   4.4187867e-16
       11920.000   1.5554347e-13   3.9464162e-16
       11930.000   1.5502796e-13   3.3378010e-16
       11940.000   1.5451244e-13   2.7291858e-16
       11950.000   1.5399693e-13   2.1205706e-16
       11960.000   1.5352720e-13   1.9032146e-16
       11970.000   1.5309972e-13   2.0469926e-16
       11980.000   1.5267224e-13   2.1907706e-16
       11990.000   1.5224476e-13   2.3345486e-16
