       3000.0000   3.8621374e-17       0.0000000
       3010.0000   4.0183492e-17       0.0000000
       3020.0000   4.1795517e-17       0.0000000
       3030.0000   4.3458551e-17       0.0000000
       3040.0000   4.5173707e-17       0.0000000
       3050.0000   4.6942105e-17       0.0000000
       3060.0000   4.8764877e-17       0.0000000
       3070.0000   5.0643160e-17       0.0000000
       3080.0000   5.2578104e-17       0.0000000
       3090.0000   5.4570864e-17       0.0000000
       3100.0000   5.6622604e-17       0.0000000
       3110.0000   5.8734495e-17       0.0000000
       3120.0000   6.0907717e-17       0.0000000
       3130.0000   6.3143455e-17       0.0000000
       3140.0000   6.5442901e-17       0.0000000
       3150.0000   6.7807255e-17       0.0000000
       3160.0000   7.0237722e-17       0.0000000
       3170.0000   7.2735511e-17       0.0000000
       3180.0000   7.5301840e-17       0.0000000
       3190.0000   7.7937929e-17       0.0000000
       3200.0000   8.0645004e-17       0.0000000
       3210.0000   8.3424294e-17       0.0000000
       3220.0000   8.6277034e-17       0.0000000
       3230.0000   8.9204462e-17       0.0000000
       3240.0000   9.2207819e-17       0.0000000
       3250.0000   9.5288348e-17       0.0000000
       3260.0000   9.8447296e-17       0.0000000
       3270.0000   1.0168591e-16       0.0000000
       3280.0000   1.0500545e-16       0.0000000
       3290.0000   1.0840715e-16       0.0000000
       3300.0000   1.1189228e-16       0.0000000
       3310.0000   1.1546208e-16       0.0000000
       3320.0000   1.1911782e-16       0.0000000
       3330.0000   1.2286074e-16       0.0000000
       3340.0000   1.2669211e-16       0.0000000
       3350.0000   1.3061317e-16       0.0000000
       3360.0000   1.3462517e-16       0.0000000
       3370.0000   1.3872937e-16       0.0000000
       3380.0000   1.4292702e-16       0.0000000
       3390.0000   1.4721936e-16       0.0000000
       3400.0000   1.5160764e-16       0.0000000
       3410.0000   1.5609310e-16       0.0000000
       3420.0000   1.6067697e-16       0.0000000
       3430.0000   1.6536050e-16       0.0000000
       3440.0000   1.7014491e-16       0.0000000
       3450.0000   1.7503143e-16       0.0000000
       3460.0000   1.8002129e-16       0.0000000
       3470.0000   1.8511569e-16       0.0000000
       3480.0000   1.9031585e-16       0.0000000
       3490.0000   1.9562297e-16       0.0000000
       3500.0000   2.0103826e-16       0.0000000
       3510.0000   2.0656290e-16       0.0000000
       3520.0000   2.1219809e-16       0.0000000
       3530.0000   2.1794501e-16       0.0000000
       3540.0000   2.2380481e-16       0.0000000
       3550.0000   2.2977868e-16       0.0000000
       3560.0000   2.3586776e-16       0.0000000
       3570.0000   2.4207320e-16       0.0000000
       3580.0000   2.4839615e-16       0.0000000
       3590.0000   2.5483772e-16       0.0000000
       3600.0000   2.6139904e-16       0.0000000
       3610.0000   2.6808123e-16       0.0000000
       3620.0000   2.7488537e-16       0.0000000
       3630.0000   2.8181257e-16       0.0000000
       3640.0000   2.8886390e-16       0.0000000
       3650.0000   2.9604043e-16       0.0000000
       3660.0000   3.0334322e-16       0.0000000
       3670.0000   3.1077331e-16       0.0000000
       3680.0000   3.1833173e-16       0.0000000
       3690.0000   3.2601952e-16       0.0000000
       3700.0000   3.3383768e-16       0.0000000
       3710.0000   3.4178720e-16       0.0000000
       3720.0000   3.4986908e-16       0.0000000
       3730.0000   3.5808428e-16       0.0000000
       3740.0000   3.6643377e-16       0.0000000
       3750.0000   3.7491848e-16       0.0000000
       3760.0000   3.8353934e-16       0.0000000
       3770.0000   3.9229729e-16       0.0000000
       3780.0000   4.0119320e-16       0.0000000
       3790.0000   4.1022799e-16       0.0000000
       3800.0000   4.1940251e-16       0.0000000
       3810.0000   4.2871763e-16       0.0000000
       3820.0000   4.3817419e-16       0.0000000
       3830.0000   7.4961630e-16   3.3065958e-16
       3840.0000   3.1762560e-16   3.1013450e-16
       3850.0000   7.0335750e-16   2.9937084e-16
       3860.0000   2.6401188e-16   2.8105669e-16
       3870.0000   7.0267183e-16   2.7450782e-16
       3880.0000   8.8558681e-16   2.7137315e-16
       3890.0000   9.4275069e-16   2.8389994e-16
       3900.0000   5.8293881e-16   2.5963613e-16
       3910.0000   6.0574793e-16   2.6666290e-16
       3920.0000   3.9256116e-16   2.3818399e-16
       3930.0000   5.6842332e-16   2.2050920e-16
       3940.0000   6.0707472e-16   2.3865740e-16
       3950.0000   5.9200188e-16   2.5531097e-16
       3960.0000   6.3029351e-16   2.3651789e-16
       3970.0000   2.5538078e-15   2.0535330e-16
       3980.0000   9.4931804e-16   2.2104681e-16
       3990.0000   6.5211363e-16   2.0849578e-16
       4000.0000   9.0366096e-16   2.0441359e-16
       4010.0000   1.0345496e-15   2.0827713e-16
       4020.0000   8.5431162e-16   2.0742392e-16
       4030.0000   4.8151296e-16   2.0121489e-16
       4040.0000   1.1068196e-15   2.0473033e-16
       4050.0000   8.7283582e-16   2.1116214e-16
       4060.0000   9.1094996e-16   1.9962372e-16
       4070.0000   4.8415098e-16   1.9576464e-16
       4080.0000   7.2557058e-16   1.9933758e-16
       4090.0000   8.3863064e-16   1.8575331e-16
       4100.0000   1.6311650e-15   1.9422840e-16
       4110.0000   7.7596722e-16   2.2449378e-16
       4120.0000   6.6449366e-16   1.7466430e-16
       4130.0000   8.4980611e-16   1.7239567e-16
       4140.0000   7.5738591e-16   1.7189294e-16
       4150.0000   5.4167327e-16   1.6270192e-16
       4160.0000   7.2931257e-16   1.7186280e-16
       4170.0000   6.8353022e-16   1.6828896e-16
       4180.0000   7.3894752e-16   1.6098533e-16
       4190.0000   6.2746962e-16   1.6094925e-16
       4200.0000   7.3678817e-16   1.5266632e-16
       4210.0000   6.6233597e-16   1.5428989e-16
       4220.0000   5.3302591e-16   1.5261862e-16
       4230.0000   2.9371416e-16   1.5095060e-16
       4240.0000   5.6346987e-16   1.4783361e-16
       4250.0000   7.0957850e-16   1.4699291e-16
       4260.0000   5.3862631e-16   1.4558180e-16
       4270.0000   6.6439101e-16   1.4699817e-16
       4280.0000   5.3201030e-16   1.4374082e-16
       4290.0000   5.0685405e-16   1.4167911e-16
       4300.0000   6.8404720e-16   1.3452153e-16
       4310.0000   7.2493343e-16   1.3485007e-16
       4320.0000   9.2481998e-16   1.4969202e-16
       4330.0000   8.8375868e-16   1.4098342e-16
       4340.0000   3.1964309e-15   1.3526137e-16
       4350.0000   9.5669917e-16   1.4468496e-16
       4360.0000   8.7450090e-16   1.8713802e-16
       4370.0000   8.7180064e-16   1.4014179e-16
       4380.0000   8.0656951e-16   1.3618322e-16
       4390.0000   8.6994338e-16   1.3143044e-16
       4400.0000   1.0567796e-15   1.3320916e-16
       4410.0000   1.1563411e-15   1.3549646e-16
       4420.0000   1.1329784e-15   1.3542756e-16
       4430.0000   1.3199103e-15   1.3125853e-16
       4440.0000   1.5253420e-15   1.3121610e-16
       4450.0000   1.5098055e-15   1.2795979e-16
       4460.0000   1.4735942e-15   1.2422550e-16
       4470.0000   1.7654540e-15   1.2131265e-16
       4480.0000   1.7457098e-15   1.2231062e-16
       4490.0000   1.8759850e-15   1.2182699e-16
       4500.0000   2.0231329e-15   1.2268247e-16
       4510.0000   1.9769034e-15   1.2396055e-16
       4520.0000   2.2005391e-15   1.2400281e-16
       4530.0000   2.3289398e-15   1.2153065e-16
       4540.0000   2.5893630e-15   1.2082470e-16
       4550.0000   2.2011090e-15   1.1836824e-16
       4560.0000   2.6472650e-15   1.2164045e-16
       4570.0000   2.9915827e-15   1.1702729e-16
       4580.0000   2.7381203e-15   1.1653985e-16
       4590.0000   2.1873211e-15   1.1576268e-16
       4600.0000   2.4048517e-15   1.1278856e-16
       4610.0000   3.0896344e-15   1.1799534e-16
       4620.0000   3.2535654e-15   1.1321021e-16
       4630.0000   2.1660870e-15   1.1256164e-16
       4640.0000   2.5049361e-15   1.1031390e-16
       4650.0000   2.3840893e-15   1.1152477e-16
       4660.0000   3.2279890e-15   1.1562883e-16
       4670.0000   2.0918253e-15   1.1369788e-16
       4680.0000   2.1565005e-15   1.1156743e-16
       4690.0000   2.6579610e-15   1.1093462e-16
       4700.0000   3.0569916e-15   1.0933795e-16
       4710.0000   3.0247629e-15   1.1559552e-16
       4720.0000   2.7918525e-15   1.1008491e-16
       4730.0000   3.0984765e-15   1.0674338e-16
       4740.0000   3.0195941e-15   1.0951897e-16
       4750.0000   3.4231833e-15   1.0919919e-16
       4760.0000   2.3415314e-15   1.0257325e-16
       4770.0000   1.8053179e-15   1.0197962e-16
       4780.0000   2.0663046e-15   1.0437781e-16
       4790.0000   2.4959624e-15   1.0138621e-16
       4800.0000   2.9024741e-15   1.0140701e-16
       4810.0000   1.7936170e-15   1.0177504e-16
       4820.0000   2.3160281e-15   1.0521728e-16
       4830.0000   2.4809762e-15   1.0512834e-16
       4840.0000   2.9891188e-15   1.1003578e-16
       4850.0000   2.1349522e-15   1.0383470e-16
       4860.0000   5.1714511e-15   1.0124924e-16
       4870.0000   2.6251469e-15   1.0091979e-16
       4880.0000   2.9088772e-15   1.0197964e-16
       4890.0000   3.1893382e-15   9.8822467e-17
       4900.0000   3.0332585e-15   1.0238198e-16
       4910.0000   3.8069265e-15   9.9359613e-17
       4920.0000   4.0359734e-15   9.3604661e-17
       4930.0000   4.4688282e-15   9.6494990e-17
       4940.0000   4.7363136e-15   9.5435482e-17
       4950.0000   5.6091527e-15   9.7376100e-17
       4960.0000   1.8371016e-15   9.4217541e-17
       4970.0000   2.9150187e-15   9.5311642e-17
       4980.0000   2.9428281e-15   1.0149861e-16
       4990.0000   3.5325501e-15   9.7867830e-17
       5000.0000   2.4120227e-15   9.3569164e-17
       5010.0000   2.7890142e-15   9.2718219e-17
       5020.0000   3.0233969e-15   9.2461926e-17
       5030.0000   3.2346009e-15   9.1494433e-17
       5040.0000   3.3237334e-15   8.8697280e-17
       5050.0000   3.2981390e-15   8.8770119e-17
       5060.0000   3.6650719e-15   9.0906973e-17
       5070.0000   3.8153240e-15   9.2162756e-17
       5080.0000   3.7389179e-15   8.9189597e-17
       5090.0000   3.9579771e-15   9.1013583e-17
       5100.0000   3.7608176e-15   8.9947758e-17
       5110.0000   3.8468471e-15   8.6722343e-17
       5120.0000   4.0832355e-15   8.7398005e-17
       5130.0000   3.6897714e-15   8.6218963e-17
       5140.0000   4.3189517e-15   8.6987647e-17
       5150.0000   4.0079574e-15   9.0593923e-17
       5160.0000   5.1947607e-15   9.2645000e-17
       5170.0000   1.6908352e-15   8.2010618e-17
       5180.0000   1.9114546e-15   8.4614974e-17
       5190.0000   3.1585080e-15   8.5746748e-17
       5200.0000   3.2657488e-15   9.6909970e-17
       5210.0000   2.7302947e-15   8.5277361e-17
       5220.0000   4.9430466e-15   8.8291131e-17
       5230.0000   5.5590424e-15   8.7642811e-17
       5240.0000   4.6632721e-15   8.7538752e-17
       5250.0000   4.4907548e-15   8.4331682e-17
       5260.0000   4.7970032e-15   8.4750458e-17
       5270.0000   3.8248326e-15   8.0627421e-17
       5280.0000   5.0825656e-15   8.3811647e-17
       5290.0000   5.5622594e-15   8.5612694e-17
       5300.0000   5.4093038e-15   8.6773958e-17
       5310.0000   5.4875150e-15   8.5021000e-17
       5320.0000   5.5987004e-15   8.6841135e-17
       5330.0000   5.4234430e-15   8.6304394e-17
       5340.0000   5.7540439e-15   8.3877810e-17
       5350.0000   6.2757192e-15   8.6871088e-17
       5360.0000   5.7763862e-15   8.4858503e-17
       5370.0000   5.6669683e-15   8.2480194e-17
       5380.0000   7.1979373e-15   8.4020818e-17
       5390.0000   7.0201900e-15   8.3755158e-17
       5400.0000   7.6684248e-15   8.1909943e-17
       5410.0000   6.3437445e-15   8.1277483e-17
       5420.0000   7.6200603e-15   8.3949057e-17
       5430.0000   6.6128175e-15   8.3691418e-17
       5440.0000   8.1567640e-15   8.4939249e-17
       5450.0000   3.6738607e-15   8.4361543e-17
       5460.0000   4.0192568e-15   1.2583224e-16
       5470.0000   4.6552316e-15   8.4439445e-17
       5480.0000   4.9906626e-15   8.3147042e-17
       5490.0000   5.3823764e-15   8.3645588e-17
       5500.0000   3.6570103e-15   8.2814323e-17
       5510.0000   3.5254752e-15   8.3060755e-17
       5520.0000   3.2110135e-15   8.3932953e-17
       5530.0000   3.1307524e-15   8.0332260e-17
       5540.0000   2.7053875e-15   8.3704216e-17
       5550.0000   2.9618412e-15   8.2399091e-17
       5560.0000   3.7894704e-15   8.2274615e-17
       5570.0000   4.8652783e-15   8.5494609e-17
       5580.0000   4.8259114e-15   3.1588167e-16
       5590.0000   5.4817422e-15   8.4945360e-17
       5600.0000   4.3534115e-15   8.2515084e-17
       5610.0000   4.7557275e-15   8.2082003e-17
       5620.0000   4.3166605e-15   8.1898812e-17
       5630.0000   3.9176742e-15   8.1973932e-17
       5640.0000   4.4160730e-15   8.4577032e-17
       5650.0000   5.1959521e-15   8.3269035e-17
       5660.0000   5.6666006e-15   8.6252609e-17
       5670.0000   4.6345068e-15   8.9535343e-17
       5680.0000   5.2855435e-15   9.3740314e-17
       5690.0000   5.5110628e-15   1.0760360e-16
       5700.0000   5.9528775e-15   9.2375631e-17
       5710.0000   6.7960867e-15   8.7728976e-17
       5720.0000   5.8577396e-15   8.7677962e-17
       5730.0000   6.3042464e-15   8.7104343e-17
       5740.0000   6.4127056e-15   8.8314595e-17
       5750.0000   7.2765391e-15   8.8260672e-17
       5760.0000   5.9567284e-15   9.1512577e-17
       5770.0000   5.8184199e-15   1.1109943e-16
       5780.0000   6.3840822e-15   9.3855723e-17
       5790.0000   6.6609970e-15   1.1532778e-16
       5800.0000   7.6138022e-15   1.0278666e-16
       5810.0000   6.8504814e-15   1.0360158e-16
       5820.0000   5.3397278e-15   1.0793781e-16
       5830.0000   6.2058121e-15   1.0571643e-16
       5840.0000   5.6940425e-15   1.0634780e-16
       5850.0000   4.2664135e-15   1.0388159e-16
       5860.0000   4.4478746e-15   1.0024774e-16
       5870.0000   3.8767199e-15   1.0260993e-16
       5880.0000   3.0888373e-15   9.1525985e-17
       5890.0000   1.9486449e-15   2.1285008e-16
       5900.0000   2.4371901e-15   9.3777886e-17
       5910.0000   2.9652643e-15   8.6488756e-17
       5920.0000   3.4291614e-15   8.5737791e-17
       5930.0000   3.4158838e-15   8.6975761e-17
       5940.0000   4.1142986e-15   8.2857341e-17
       5950.0000   3.7582841e-15   8.2474693e-17
       5960.0000   3.7174508e-15   8.1317513e-17
       5970.0000   4.1402134e-15   8.2108823e-17
       5980.0000   4.1948727e-15   8.0187227e-17
       5990.0000   4.6375289e-15   7.7676143e-17
       6000.0000   4.6796960e-15   7.7098029e-17
       6010.0000   4.7730415e-15   7.5292158e-17
       6020.0000   5.0981394e-15   7.4308069e-17
       6030.0000   5.4809741e-15   7.3597924e-17
       6040.0000   5.4791849e-15   7.2635454e-17
       6050.0000   6.2624929e-15   7.1924416e-17
       6060.0000   6.3020077e-15   6.9204762e-17
       6070.0000   6.5758666e-15   6.8546640e-17
       6080.0000   5.7350079e-15   6.5015960e-17
       6090.0000   6.3459001e-15   6.3684921e-17
       6100.0000   6.5014912e-15   6.4996052e-17
       6110.0000   6.3797429e-15   6.2007285e-17
       6120.0000   5.9128432e-15   6.2378067e-17
       6130.0000   6.4420467e-15   6.4131351e-17
       6140.0000   6.3274152e-15   6.8554699e-17
       6150.0000   4.8975448e-15   7.1052087e-17
       6160.0000   3.3512091e-15   6.9956417e-17
       6170.0000   3.3634124e-15   6.6064409e-17
       6180.0000   3.4317495e-15   6.1303484e-17
       6190.0000   2.8453770e-15   6.1971892e-17
       6200.0000   3.0423368e-15   6.1767338e-17
       6210.0000   3.1915298e-15   6.0622622e-17
       6220.0000   2.9272864e-15   6.0203527e-17
       6230.0000   2.6824158e-15   5.5982023e-17
       6240.0000   2.8445423e-15   6.4004382e-17
       6250.0000   3.1844473e-15   5.5670777e-17
       6260.0000   3.5694331e-15   7.0063423e-17
       6270.0000   3.7991950e-15   5.3695139e-17
       6280.0000   3.9651799e-15   5.1542457e-17
       6290.0000   4.7259126e-15   5.7894369e-17
       6300.0000   5.4647950e-15   2.0785668e-16
       6310.0000   6.2543767e-15   5.6455145e-17
       6320.0000   7.0344046e-15   5.4661405e-17
       6330.0000   7.3183196e-15   6.6400795e-17
       6340.0000   8.4611369e-15   5.1490228e-17
       6350.0000   8.8429894e-15   5.5145240e-17
       6360.0000   7.5436942e-15   5.9124718e-17
       6370.0000   7.8784526e-15   5.1132153e-17
       6380.0000   7.0687966e-15   5.3274627e-17
       6390.0000   7.3753187e-15   5.0863501e-17
       6400.0000   8.8850309e-15   5.0229266e-17
       6410.0000   9.9166672e-15   5.0264811e-17
       6420.0000   8.8964761e-15   5.1364881e-17
       6430.0000   9.5758823e-15   4.8982352e-17
       6440.0000   9.9396621e-15   4.8267338e-17
       6450.0000   9.7932559e-15   4.9494929e-17
       6460.0000   1.0852900e-14   5.0432934e-17
       6470.0000   1.2007009e-14   5.8221595e-17
       6480.0000   1.0932574e-14   5.0865167e-17
       6490.0000   1.1482684e-14   4.9250680e-17
       6500.0000   1.2105311e-14   6.6251400e-17
       6510.0000   1.3752494e-14   5.2274168e-17
       6520.0000   1.4249597e-14   5.2839175e-17
       6530.0000   1.5611177e-14   5.6453135e-17
       6540.0000   1.7461516e-14   5.3416401e-17
       6550.0000   1.3703615e-14   5.2777431e-17
       6560.0000   1.7086366e-14   5.4861613e-17
       6570.0000   1.2002237e-14   5.5854712e-17
       6580.0000   1.1091544e-14   5.4801126e-17
       6590.0000   1.2992521e-14   4.9730654e-17
       6600.0000   1.1613614e-14   5.0596479e-17
       6610.0000   1.1708226e-14   4.8074231e-17
       6620.0000   1.0764397e-14   4.6944581e-17
       6630.0000   1.0354754e-14   4.7065703e-17
       6640.0000   9.4922160e-15   4.5498379e-17
       6650.0000   8.1976267e-15   4.6108192e-17
       6660.0000   8.0157238e-15   4.5718000e-17
       6670.0000   9.3225325e-15   4.4715395e-17
       6680.0000   7.7596998e-15   4.3563133e-17
       6690.0000   7.4458258e-15   4.3971929e-17
       6700.0000   7.9917141e-15   4.4506261e-17
       6710.0000   8.6545645e-15   4.5036514e-17
       6720.0000   6.0831141e-15   4.2710753e-17
       6730.0000   7.0632478e-15   4.3850378e-17
       6740.0000   7.8399869e-15   4.6607407e-17
       6750.0000   6.7657039e-15   4.3161385e-17
       6760.0000   7.4829746e-15   4.3172906e-17
       6770.0000   8.4915450e-15   4.3808541e-17
       6780.0000   8.3482368e-15   4.3804426e-17
       6790.0000   7.3195212e-15   4.3526916e-17
       6800.0000   7.9197334e-15   4.3931987e-17
       6810.0000   8.3540200e-15   4.4646835e-17
       6820.0000   8.0580609e-15   4.3669465e-17
       6830.0000   8.7033091e-15   7.0400931e-17
       6840.0000   8.8822932e-15   4.8084788e-17
       6850.0000   8.2511995e-15   4.3946555e-17
       6860.0000   8.0632984e-15   4.9396678e-17
       6870.0000   8.3909576e-15   6.2250232e-17
       6880.0000   9.5242475e-15   5.0455374e-17
       6890.0000   9.4284057e-15   5.7790269e-17
       6900.0000   8.9763322e-15   5.5814941e-17
       6910.0000   1.0847746e-14   5.3360204e-17
       6920.0000   9.4508441e-15   4.9660350e-17
       6930.0000   1.2345089e-14   4.6107310e-17
       6940.0000   1.3271419e-14   5.9671347e-17
       6950.0000   1.5461696e-14   7.4002963e-17
       6960.0000   1.4388512e-14   4.6401349e-17
       6970.0000   1.5260899e-14   5.5793122e-17
       6980.0000   1.6551897e-14   6.3117108e-17
       6990.0000   1.6315666e-14   4.7496597e-17
       7000.0000   1.7097463e-14   4.8552494e-17
       7010.0000   1.8099847e-14   5.3846862e-17
       7020.0000   2.0153760e-14   4.8322399e-17
       7030.0000   2.2234109e-14   5.0904821e-17
       7040.0000   2.4919641e-14   5.1710250e-17
       7050.0000   2.6068397e-14   5.6986036e-17
       7060.0000   1.1030855e-14   4.4960196e-17
       7070.0000   1.3585883e-14   4.6801050e-17
       7080.0000   1.4914383e-14   4.7294141e-17
       7090.0000   8.2585664e-15   4.5782097e-17
       7100.0000   9.7748204e-15   4.2469937e-17
       7110.0000   1.2476928e-14   4.3452517e-17
       7120.0000   1.3869310e-14   4.3188808e-17
       7130.0000   7.2957841e-15   4.1994427e-17
       7140.0000   7.7782133e-15   4.2340333e-17
       7150.0000   9.0530612e-15   4.3578644e-17
       7160.0000   9.0088338e-15   4.3384910e-17
       7170.0000   1.0242716e-14   4.5267767e-17
       7180.0000   1.1452054e-14   4.6424045e-17
       7190.0000   1.3222441e-14   4.6352588e-17
       7200.0000   1.0902096e-14   4.5703242e-17
       7210.0000   1.1812366e-14   4.4262009e-17
       7220.0000   1.3378829e-14   4.5563424e-17
       7230.0000   1.4298144e-14   4.8167569e-17
       7240.0000   1.5759967e-14   1.0000213e-16
       7250.0000   1.8167762e-14   5.7618725e-17
       7260.0000   1.9258457e-14   5.2113596e-17
       7270.0000   1.9098344e-14   5.5413007e-17
       7280.0000   2.0311489e-14   7.1858996e-17
       7290.0000   2.2687099e-14   5.7270797e-17
       7300.0000   2.4246880e-14   5.7076114e-17
       7310.0000   2.6044342e-14   5.7502345e-17
       7320.0000   2.7983883e-14   6.8782952e-17
       7330.0000   2.9032253e-14   8.2249068e-17
       7340.0000   3.1467471e-14   1.1306446e-16
       7350.0000   3.1138516e-14   5.7894180e-17
       7360.0000   3.1767049e-14   7.8659995e-17
       7370.0000   3.3902315e-14   1.0602327e-16
       7380.0000   3.4072814e-14   5.6925638e-17
       7390.0000   3.5380544e-14   6.5275831e-17
       7400.0000   3.5015320e-14   7.6022425e-17
       7410.0000   3.5503747e-14   5.5465689e-17
       7420.0000   3.4736329e-14   5.5215482e-17
       7430.0000   3.6646729e-14   6.5234662e-17
       7440.0000   3.6764683e-14   6.9811105e-17
       7450.0000   3.5940943e-14   5.4319501e-17
       7460.0000   3.6394216e-14   5.6318150e-17
       7470.0000   3.8151935e-14   6.4866691e-17
       7480.0000   3.6972757e-14   6.9789696e-17
       7490.0000   3.7568313e-14   5.5985037e-17
       7500.0000   3.9567411e-14   5.5797642e-17
       7510.0000   4.0465415e-14   5.5055003e-17
       7520.0000   3.9188443e-14   6.1874179e-17
       7530.0000   3.9938308e-14   6.7278372e-17
       7540.0000   4.2609211e-14   6.0379029e-17
       7550.0000   4.2383006e-14   5.7297646e-17
       7560.0000   4.2763188e-14   6.2004318e-17
       7570.0000   4.2140042e-14   7.6102618e-17
       7580.0000   4.4021292e-14   5.7851689e-17
       7590.0000   2.8788133e-14   5.4071088e-17
       7600.0000   3.2281285e-14   1.4729864e-16
       7610.0000   3.2831338e-14   1.1187734e-16
       7620.0000   3.7464015e-14   7.5167660e-17
       7630.0000   2.5300462e-14   1.0412312e-16
       7640.0000   2.6948919e-14   7.2603914e-17
       7650.0000   2.6653543e-14   6.5108612e-17
       7660.0000   2.0428471e-14   6.1589001e-17
       7670.0000   1.6802273e-14   5.0804142e-17
       7680.0000   2.0877227e-14   5.2177099e-17
       7690.0000   2.2134781e-14   5.5440291e-17
       7700.0000   1.1884773e-14   5.6776854e-17
       7710.0000   2.2217737e-14   7.6342754e-17
       7720.0000   2.4065168e-14   7.9281868e-17
       7730.0000   2.7039454e-14   5.7747957e-17
       7740.0000   2.8811932e-14   5.7149980e-17
       7750.0000   2.1762765e-14   1.3303285e-16
       7760.0000   2.3797228e-14   8.8187942e-17
       7770.0000   2.5583917e-14   5.8802735e-17
       7780.0000   2.5918494e-14   7.5360143e-17
       7790.0000   2.5151691e-14   6.6152657e-17
       7800.0000   2.4405815e-14   5.5369695e-17
       7810.0000   2.9346898e-14   8.4463787e-17
       7820.0000   2.9335945e-14   1.1770885e-16
       7830.0000   2.4949734e-14   5.7025862e-17
       7840.0000   2.7888174e-14   7.9086928e-17
       7850.0000   2.9305042e-14   8.8851133e-17
       7860.0000   2.9792903e-14   9.9082974e-17
       7870.0000   2.9940231e-14   1.0767945e-16
       7880.0000   3.2341917e-14   9.1850210e-17
       7890.0000   3.3880206e-14   1.0908832e-16
       7900.0000   3.1963687e-14   6.0485146e-17
       7910.0000   2.9748421e-14   8.2684297e-17
       7920.0000   3.1553125e-14   1.0342915e-16
       7930.0000   3.4015357e-14   8.9374421e-17
       7940.0000   3.3382153e-14   6.2494336e-17
       7950.0000   3.3639463e-14   8.6366283e-17
       7960.0000   3.5088245e-14   6.6692655e-17
       7970.0000   3.8196304e-14   8.0884524e-17
       7980.0000   3.7226705e-14   1.0305044e-16
       7990.0000   3.7111341e-14   8.6764424e-17
       8000.0000   3.8055071e-14   6.6296623e-17
       8010.0000   3.9981161e-14   6.7732933e-17
       8020.0000   4.0949629e-14   7.1740252e-17
       8030.0000   4.3248421e-14   8.0439639e-17
       8040.0000   4.3156122e-14   6.6238554e-17
       8050.0000   4.5783416e-14   7.7097633e-17
       8060.0000   4.7880275e-14   8.4891976e-17
       8070.0000   4.6645868e-14   6.7235927e-17
       8080.0000   4.9383483e-14   6.8428995e-17
       8090.0000   5.0573453e-14   6.9094705e-17
       8100.0000   5.0346409e-14   7.6150617e-17
       8110.0000   5.1641931e-14   6.9668105e-17
       8120.0000   5.2706883e-14   6.9584537e-17
       8130.0000   5.3524988e-14   7.1348851e-17
       8140.0000   5.4435783e-14   7.6484228e-17
       8150.0000   5.3445499e-14   7.5374832e-17
       8160.0000   5.2242595e-14   7.3453950e-17
       8170.0000   5.3848481e-14   7.4125596e-17
       8180.0000   4.3915132e-14   7.7441433e-17
       8190.0000   4.5633195e-14   7.9970760e-17
       8200.0000   4.4680653e-14   7.6829735e-17
       8210.0000   4.9696543e-14   7.3445479e-17
       8220.0000   5.0595661e-14   7.2957527e-17
       8230.0000   5.3809464e-14   8.1757617e-17
       8240.0000   5.5190499e-14   7.7277455e-17
       8250.0000   5.5321082e-14   7.7638293e-17
       8260.0000   5.4614477e-14   7.5897825e-17
       8270.0000   5.3327526e-14   7.6544542e-17
       8280.0000   5.1695219e-14   1.2420392e-16
       8290.0000   4.8326503e-14   1.3751310e-16
       8300.0000   4.8952714e-14   1.5419152e-16
       8310.0000   5.0409598e-14   1.0415668e-16
       8320.0000   4.9519613e-14   8.0160162e-17
       8330.0000   5.0497995e-14   7.5413448e-17
       8340.0000   5.1017968e-14   9.9407492e-17
       8350.0000   4.9766100e-14   1.1939142e-16
       8360.0000   5.0826437e-14   8.3842070e-17
       8370.0000   5.2192284e-14   7.9273004e-17
       8380.0000   4.8603680e-14   1.0495017e-16
       8390.0000   4.6650180e-14   7.7990377e-17
       8400.0000   5.0738150e-14   2.4025080e-16
       8410.0000   4.9617630e-14   8.0269664e-17
       8420.0000   4.7810949e-14   8.3413079e-17
       8430.0000   4.9808403e-14   2.4490047e-16
       8440.0000   4.4989499e-14   7.6381870e-17
       8450.0000   4.0945757e-14   1.0710959e-16
       8460.0000   3.8408294e-14   8.0600430e-17
       8470.0000   3.6556191e-14   8.8076182e-17
       8480.0000   3.8753977e-14   7.4027084e-17
       8490.0000   4.1718354e-14   8.4945005e-17
       8500.0000   3.9719277e-14   8.2208316e-17
       8510.0000   3.9346496e-14   8.0302177e-17
       8520.0000   3.7477207e-14   7.6904022e-17
       8530.0000   4.0427836e-14   7.5957491e-17
       8540.0000   3.9557969e-14   9.2674436e-17
       8550.0000   4.4197771e-14   1.1119899e-16
       8560.0000   4.1506173e-14   7.8392966e-17
       8570.0000   4.3680838e-14   7.9902259e-17
       8580.0000   4.4359105e-14   8.1981183e-17
       8590.0000   4.5119166e-14   8.9384415e-17
       8600.0000   4.6119536e-14   9.0924365e-17
       8610.0000   4.6319628e-14   8.9981275e-17
       8620.0000   4.6933734e-14   1.2326612e-16
       8630.0000   4.6033864e-14   1.4495048e-16
       8640.0000   4.7011884e-14   1.1553890e-16
       8650.0000   4.7132873e-14   1.3418894e-16
       8660.0000   4.4568767e-14   1.4770417e-16
       8670.0000   4.8803241e-14   1.3567527e-16
       8680.0000   4.9079895e-14   1.1323498e-16
       8690.0000   4.3926428e-14   9.6714962e-17
       8700.0000   4.6246625e-14   9.7562444e-17
       8710.0000   4.5209731e-14   9.4190684e-17
       8720.0000   4.6033531e-14   9.1502066e-17
       8730.0000   4.8832759e-14   9.3768208e-17
       8740.0000   4.8919656e-14   9.6000718e-17
       8750.0000   4.9454727e-14   9.5588528e-17
       8760.0000   5.4942095e-14   1.8867288e-16
       8770.0000   5.3399310e-14   1.7745329e-16
       8780.0000   5.1507974e-14   2.0130550e-16
       8790.0000   5.5181967e-14   1.4921354e-16
       8800.0000   5.1043085e-14   9.8478153e-17
       8810.0000   5.4634633e-14   1.0674240e-16
       8820.0000   5.5815049e-14   1.0457984e-16
       8830.0000   5.6591108e-14   2.4797359e-16
       8840.0000   5.7487677e-14   1.3766975e-16
       8850.0000   5.5708693e-14   1.4358155e-16
       8860.0000   4.7213174e-14   1.0092451e-16
       8870.0000   4.4859122e-14   1.5766864e-16
       8880.0000   5.0438042e-14   1.0977798e-16
       8890.0000   5.1169720e-14   1.6543007e-16
       8900.0000   5.2144569e-14   1.4065385e-16
       8910.0000   5.1791104e-14   1.0792040e-16
       8920.0000   5.6132883e-14   4.0953480e-16
       8930.0000   5.4055418e-14   1.1045506e-16
       8940.0000   5.1617494e-14   1.3596697e-16
       8950.0000   5.2093680e-14   1.0676848e-16
       8960.0000   5.3896676e-14   3.1709714e-16
       8970.0000   5.2327142e-14   1.1003903e-16
       8980.0000   5.2931461e-14   1.1083109e-16
       8990.0000   4.6949205e-14   1.6263089e-16
       9000.0000   5.2103029e-14   2.3968127e-16
       9010.0000   5.4878806e-14   1.0852239e-16
       9020.0000   5.4765723e-14   1.1145712e-16
       9030.0000   5.6434005e-14   1.1379832e-16
       9040.0000   6.0611201e-14   1.4625990e-16
       9050.0000   6.2606245e-14   1.9089486e-16
       9060.0000   5.7191166e-14   1.1404739e-16
       9070.0000   5.3246839e-14   1.1686273e-16
       9080.0000   5.6304701e-14   1.1294604e-16
       9090.0000   5.6896507e-14   1.2467546e-16
       9100.0000   5.8143104e-14   1.4001555e-16
       9110.0000   6.2466482e-14   1.1909289e-16
       9120.0000   5.9987118e-14   1.1622910e-16
       9130.0000   5.7403878e-14   1.1823838e-16
       9140.0000   6.1278154e-14   1.2323153e-16
       9150.0000   5.9789176e-14   1.3395668e-16
       9160.0000   6.4665814e-14   1.5122334e-16
       9170.0000   6.3890331e-14   1.2929965e-16
       9180.0000   6.4873253e-14   1.2750039e-16
       9190.0000   6.6646419e-14   9.4228594e-17
       9200.0000   6.5380946e-14   2.5371186e-16
       9210.0000   6.8207187e-14   2.6966064e-16
       9220.0000   7.1033427e-14   2.8560942e-16
       9230.0000   7.2698533e-14   3.7384431e-16
       9240.0000   7.2516928e-14   5.7704576e-16
       9250.0000   7.2335322e-14   7.8024721e-16
       9260.0000   7.2153717e-14   9.8344866e-16
       9270.0000   7.2082436e-14   1.1149811e-15
       9280.0000   7.2029559e-14   1.2345577e-15
       9290.0000   7.1976683e-14   1.3541344e-15
       9300.0000   7.1980169e-14   1.3951573e-15
       9310.0000   7.2108504e-14   1.2621782e-15
       9320.0000   7.2236839e-14   1.1291991e-15
       9330.0000   7.2365174e-14   9.9621997e-16
       9340.0000   7.2485011e-14   9.5077964e-16
       9350.0000   7.2601970e-14   9.3499194e-16
       9360.0000   7.2718929e-14   9.1920425e-16
       9370.0000   7.2851667e-14   8.8867776e-16
       9380.0000   7.3063120e-14   7.8462972e-16
       9390.0000   7.3274574e-14   6.8058167e-16
       9400.0000   7.3486027e-14   5.7653363e-16
       9410.0000   7.3947077e-14   5.1686002e-16
       9420.0000   7.4596403e-14   4.9065920e-16
       9430.0000   7.5245730e-14   4.6445839e-16
       9440.0000   7.5895057e-14   4.3825757e-16
       9450.0000   7.6596236e-14   5.4630723e-16
       9460.0000   7.7299799e-14   6.6052775e-16
       9470.0000   7.8003362e-14   7.7474828e-16
       9480.0000   7.8471551e-14   8.0032762e-16
       9490.0000   7.8450885e-14   6.4180605e-16
       9500.0000   7.8430220e-14   4.8328448e-16
       9510.0000   7.8409555e-14   3.2476291e-16
       9520.0000   7.8305607e-14   2.8778457e-16
       9530.0000   7.8162110e-14   3.0852308e-16
       9540.0000   7.8018613e-14   3.2926158e-16
       9550.0000   7.7879823e-14   3.5051835e-16
       9560.0000   7.8051300e-14   4.0594259e-16
       9570.0000   7.8222776e-14   4.6136683e-16
       9580.0000   7.8394253e-14   5.1679108e-16
       9590.0000   7.8586480e-14   5.5027188e-16
       9600.0000   7.8819705e-14   5.4039510e-16
       9610.0000   7.9052931e-14   5.3051833e-16
       9620.0000   7.9286157e-14   5.2064155e-16
       9630.0000   7.9581211e-14   5.0894610e-16
       9640.0000   7.9910890e-14   4.9623213e-16
       9650.0000   8.0240569e-14   4.8351817e-16
       9660.0000   8.0570249e-14   4.7080421e-16
       9670.0000   8.0792721e-14   5.4442199e-16
       9680.0000   8.1007254e-14   6.2443271e-16
       9690.0000   8.1221788e-14   7.0444342e-16
       9700.0000   8.1420278e-14   7.6767206e-16
       9710.0000   8.1556542e-14   7.6581114e-16
       9720.0000   8.1692806e-14   7.6395023e-16
       9730.0000   8.1829070e-14   7.6208932e-16
       9740.0000   8.1999219e-14   7.6522781e-16
       9750.0000   8.2208518e-14   7.7414230e-16
       9760.0000   8.2417816e-14   7.8305678e-16
       9770.0000   8.2627115e-14   7.9197127e-16
       9780.0000   8.2690110e-14   7.4507957e-16
       9790.0000   8.2692482e-14   6.7506378e-16
       9800.0000   8.2694855e-14   6.0504798e-16
       9810.0000   8.2697227e-14   5.3503218e-16
       9820.0000   8.2226562e-14   5.8656682e-16
       9830.0000   8.1723519e-14   6.4642127e-16
       9840.0000   8.1220476e-14   7.0627572e-16
       9850.0000   8.0650211e-14   7.6218585e-16
       9860.0000   7.9699021e-14   7.9574479e-16
       9870.0000   7.8747831e-14   8.2930373e-16
       9880.0000   7.7796641e-14   8.6286267e-16
       9890.0000   7.6864863e-14   8.6610959e-16
       9900.0000   7.5969292e-14   8.1282045e-16
       9910.0000   7.5073720e-14   7.5953130e-16
       9920.0000   7.4178149e-14   7.0624215e-16
       9930.0000   7.3627931e-14   6.6821723e-16
       9940.0000   7.3379107e-14   6.4351361e-16
       9950.0000   7.3130283e-14   6.1880998e-16
       9960.0000   7.2881460e-14   5.9410636e-16
       9970.0000   7.3132354e-14   5.6758992e-16
       9980.0000   7.3592369e-14   5.4031485e-16
       9990.0000   7.4052385e-14   5.1303978e-16
       10000.000   7.4512400e-14   4.8576471e-16
       10010.000   7.4582366e-14   4.6056607e-16
       10020.000   7.4588865e-14   4.3570529e-16
       10030.000   7.4595364e-14   4.1084451e-16
       10040.000   7.4601917e-14   3.8599062e-16
       10050.000   7.5149176e-14   4.3167255e-16
       10060.000   7.5696435e-14   4.7735448e-16
       10070.000   7.6243694e-14   5.2303641e-16
       10080.000   7.6802796e-14   5.6238966e-16
       10090.000   7.7441100e-14   5.5941873e-16
       10100.000   7.8079403e-14   5.5644779e-16
       10110.000   7.8717706e-14   5.5347685e-16
       10120.000   7.9317510e-14   5.4507094e-16
       10130.000   7.9801816e-14   5.2036011e-16
       10140.000   8.0286122e-14   4.9564927e-16
       10150.000   8.0770428e-14   4.7093844e-16
       10160.000   8.0982063e-14   4.5584548e-16
       10170.000   8.0687310e-14   4.5861426e-16
       10180.000   8.0392557e-14   4.6138304e-16
       10190.000   8.0097804e-14   4.6415182e-16
       10200.000   7.9954026e-14   4.5164005e-16
       10210.000   8.0002368e-14   4.1968336e-16
       10220.000   8.0050710e-14   3.8772668e-16
       10230.000   8.0099053e-14   3.5576999e-16
       10240.000   8.0051175e-14   3.4845516e-16
       10250.000   7.9914450e-14   3.6389376e-16
       10260.000   7.9777725e-14   3.7933237e-16
       10270.000   7.9641000e-14   3.9477097e-16
       10280.000   7.9793874e-14   4.1031827e-16
       10290.000   8.0156475e-14   4.2594430e-16
       10300.000   8.0519075e-14   4.4157032e-16
       10310.000   8.0881675e-14   4.5719634e-16
       10320.000   8.1212985e-14   4.6837071e-16
       10330.000   8.1526689e-14   4.7704037e-16
       10340.000   8.1840394e-14   4.8571003e-16
       10350.000   8.2154098e-14   4.9437970e-16
       10360.000   8.2650286e-14   5.1606305e-16
       10370.000   8.3232357e-14   5.4387104e-16
       10380.000   8.3814427e-14   5.7167904e-16
       10390.000   8.4396498e-14   5.9948703e-16
       10400.000   8.4779064e-14   6.0148934e-16
       10410.000   8.5076128e-14   5.9243206e-16
       10420.000   8.5373192e-14   5.8337478e-16
       10430.000   8.5670256e-14   5.7431751e-16
       10440.000   8.5718884e-14   5.4584277e-16
       10450.000   8.5670908e-14   5.0981752e-16
       10460.000   8.5622932e-14   4.7379227e-16
       10470.000   8.5574955e-14   4.3776702e-16
       10480.000   8.5503634e-14   4.6596781e-16
       10490.000   8.5423678e-14   5.1792580e-16
       10500.000   8.5343721e-14   5.6988379e-16
       10510.000   8.5263764e-14   6.2184178e-16
       10520.000   8.5218973e-14   6.0580775e-16
       10530.000   8.5187855e-14   5.6333494e-16
       10540.000   8.5156737e-14   5.2086212e-16
       10550.000   8.5125619e-14   4.7838931e-16
       10560.000   8.5050608e-14   4.5129442e-16
       10570.000   8.4956786e-14   4.3079007e-16
       10580.000   8.4862964e-14   4.1028572e-16
       10590.000   8.4769142e-14   3.8978137e-16
       10600.000   8.4913455e-14   3.6660502e-16
       10610.000   8.5175049e-14   3.4211274e-16
       10620.000   8.5436643e-14   3.1762046e-16
       10630.000   8.5698237e-14   2.9312817e-16
       10640.000   8.5959781e-14   3.4048826e-16
       10650.000   8.6221296e-14   4.3005089e-16
       10660.000   8.6482810e-14   5.1961352e-16
       10670.000   8.6744325e-14   6.0917615e-16
       10680.000   8.6932552e-14   6.0907787e-16
       10690.000   8.7067704e-14   5.4404752e-16
       10700.000   8.7202857e-14   4.7901716e-16
       10710.000   8.7338009e-14   4.1398681e-16
       10720.000   8.7651548e-14   4.1792739e-16
       10730.000   8.8129804e-14   4.8555337e-16
       10740.000   8.8608060e-14   5.5317935e-16
       10750.000   8.9086315e-14   6.2080533e-16
       10760.000   8.9468708e-14   6.6996790e-16
       10770.000   8.9733935e-14   6.9656409e-16
       10780.000   8.9999163e-14   7.2316028e-16
       10790.000   9.0264390e-14   7.4975646e-16
       10800.000   9.0527728e-14   7.5385792e-16
       10810.000   9.0787848e-14   7.1966075e-16
       10820.000   9.1047968e-14   6.8546358e-16
       10830.000   9.1308088e-14   6.5126641e-16
       10840.000   9.1615771e-14   6.3617123e-16
       10850.000   9.2045710e-14   6.7017644e-16
       10860.000   9.2475648e-14   7.0418165e-16
       10870.000   9.2905587e-14   7.3818686e-16
       10880.000   9.3169174e-14   7.4989774e-16
       10890.000   9.2674833e-14   6.6003215e-16
       10900.000   9.2180492e-14   5.7016656e-16
       10910.000   9.1686151e-14   4.8030096e-16
       10920.000   9.1223721e-14   3.9914334e-16
       10930.000   9.1185762e-14   4.3381629e-16
       10940.000   9.1147803e-14   4.6848923e-16
       10950.000   9.1109845e-14   5.0316218e-16
       10960.000   9.1071886e-14   5.3783512e-16
       10970.000   9.1135039e-14   6.0769526e-16
       10980.000   9.1203514e-14   6.7940737e-16
       10990.000   9.1271989e-14   7.5111947e-16
       11000.000   9.1340464e-14   8.2283157e-16
       11010.000   9.1358692e-14   8.4979778e-16
       11020.000   9.1366626e-14   8.6759789e-16
       11030.000   9.1374560e-14   8.8539801e-16
       11040.000   9.1382494e-14   9.0319813e-16
       11050.000   9.1227410e-14   9.3295252e-16
       11060.000   9.0999065e-14   9.6807913e-16
       11070.000   9.0770720e-14   1.0032057e-15
       11080.000   9.0542375e-14   1.0383324e-15
       11090.000   9.0438038e-14   1.0565318e-15
       11100.000   9.0435202e-14   1.0608764e-15
       11110.000   9.0432366e-14   1.0652209e-15
       11120.000   9.0429531e-14   1.0695655e-15
       11130.000   9.0468379e-14   1.0579282e-15
       11140.000   9.0569753e-14   1.0223181e-15
       11150.000   9.0671127e-14   9.8670799e-16
       11160.000   9.0772502e-14   9.5109791e-16
       11170.000   9.0870973e-14   9.2129669e-16
       11180.000   9.0960247e-14   9.0989607e-16
       11190.000   9.1049521e-14   8.9849545e-16
       11200.000   9.1138795e-14   8.8709483e-16
       11210.000   9.1216982e-14   8.6974609e-16
       11220.000   9.1147918e-14   7.7339599e-16
       11230.000   9.1078854e-14   6.7704590e-16
       11240.000   9.1009790e-14   5.8069580e-16
       11250.000   9.0940725e-14   4.8434571e-16
       11260.000   9.0751372e-14   4.4802672e-16
       11270.000   9.0547143e-14   4.1913176e-16
       11280.000   9.0342914e-14   3.9023679e-16
       11290.000   9.0138685e-14   3.6134182e-16
       11300.000   8.9464278e-14   3.9817913e-16
       11310.000   8.8597882e-14   4.6185719e-16
       11320.000   8.7731486e-14   5.2553525e-16
       11330.000   8.6865090e-14   5.8921331e-16
       11340.000   8.6145474e-14   5.9806888e-16
       11350.000   8.5561336e-14   5.5632303e-16
       11360.000   8.4977199e-14   5.1457719e-16
       11370.000   8.4393061e-14   4.7283134e-16
       11380.000   8.4051616e-14   4.6829865e-16
       11390.000   8.4202953e-14   5.3932661e-16
       11400.000   8.4354290e-14   6.1035457e-16
       11410.000   8.4505628e-14   6.8138253e-16
       11420.000   8.4716752e-14   7.4076053e-16
       11430.000   8.5366633e-14   7.1464219e-16
       11440.000   8.6016515e-14   6.8852385e-16
       11450.000   8.6666396e-14   6.6240551e-16
       11460.000   8.7316278e-14   6.3628718e-16
       11470.000   8.8163648e-14   6.2151871e-16
       11480.000   8.9030560e-14   6.0787329e-16
       11490.000   8.9897472e-14   5.9422787e-16
       11500.000   9.0764384e-14   5.8058245e-16
       11510.000   9.1091512e-14   5.4640487e-16
       11520.000   9.1187305e-14   5.0342780e-16
       11530.000   9.1283098e-14   4.6045073e-16
       11540.000   9.1378891e-14   4.1747365e-16
       11550.000   9.1363984e-14   4.1201432e-16
       11560.000   9.1224205e-14   4.4887548e-16
       11570.000   9.1084425e-14   4.8573665e-16
       11580.000   9.0944646e-14   5.2259782e-16
       11590.000   9.0755400e-14   5.5226477e-16
       11600.000   9.0409543e-14   5.5915495e-16
       11610.000   9.0063685e-14   5.6604512e-16
       11620.000   8.9717828e-14   5.7293530e-16
       11630.000   8.9371753e-14   5.7931951e-16
       11640.000   8.9004293e-14   5.3590758e-16
       11650.000   8.8636833e-14   4.9249565e-16
       11660.000   8.8269373e-14   4.4908372e-16
       11670.000   8.7901913e-14   4.0567179e-16
       11680.000   8.7600933e-14   4.2829654e-16
       11690.000   8.7319809e-14   4.7064435e-16
       11700.000   8.7038684e-14   5.1299216e-16
       11710.000   8.6757560e-14   5.5533997e-16
       11720.000   8.6451557e-14   5.4676554e-16
       11730.000   8.6123490e-14   4.9303011e-16
       11740.000   8.5795424e-14   4.3929469e-16
       11750.000   8.5467357e-14   3.8555926e-16
       11760.000   8.5249323e-14   3.5238637e-16
       11770.000   8.5328755e-14   3.7480297e-16
       11780.000   8.5408188e-14   3.9721958e-16
       11790.000   8.5487620e-14   4.1963618e-16
       11800.000   8.5565604e-14   4.4151177e-16
       11810.000   8.5572308e-14   4.3677111e-16
       11820.000   8.5579012e-14   4.3203046e-16
       11830.000   8.5585715e-14   4.2728980e-16
       11840.000   8.5592419e-14   4.2254914e-16
       11850.000   8.5712408e-14   4.3082006e-16
       11860.000   8.5868159e-14   4.4319857e-16
       11870.000   8.6023911e-14   4.5557708e-16
       11880.000   8.6179662e-14   4.6795559e-16
       11890.000   8.6024306e-14   5.0580065e-16
       11900.000   8.5557843e-14   5.6911226e-16
       11910.000   8.5091379e-14   6.3242388e-16
       11920.000   8.4624915e-14   6.9573549e-16
       11930.000   8.4207965e-14   7.3117400e-16
       11940.000   8.3956793e-14   6.7328791e-16
       11950.000   8.3705622e-14   6.1540183e-16
       11960.000   8.3454451e-14   5.5751575e-16
       11970.000   8.3203279e-14   4.9962966e-16
       11980.000   8.3018641e-14   4.6623767e-16
       11990.000   8.2837506e-14   4.3413485e-16
