       3000.0000   9.7389342e-18       0.0000000
       3010.0000   1.0164247e-17       0.0000000
       3020.0000   1.0604549e-17       0.0000000
       3030.0000   1.1060223e-17       0.0000000
       3040.0000   1.1531658e-17       0.0000000
       3050.0000   1.2019250e-17       0.0000000
       3060.0000   1.2523397e-17       0.0000000
       3070.0000   1.3044503e-17       0.0000000
       3080.0000   1.3582979e-17       0.0000000
       3090.0000   1.4139237e-17       0.0000000
       3100.0000   1.4713697e-17       0.0000000
       3110.0000   1.5306781e-17       0.0000000
       3120.0000   1.5918919e-17       0.0000000
       3130.0000   1.6550541e-17       0.0000000
       3140.0000   1.7202086e-17       0.0000000
       3150.0000   1.7873993e-17       0.0000000
       3160.0000   1.8566709e-17       0.0000000
       3170.0000   1.9280683e-17       0.0000000
       3180.0000   2.0016369e-17       0.0000000
       3190.0000   2.0774224e-17       0.0000000
       3200.0000   2.1554709e-17       0.0000000
       3210.0000   2.2358291e-17       0.0000000
       3220.0000   2.3185437e-17       0.0000000
       3230.0000   2.4036620e-17       0.0000000
       3240.0000   2.4912317e-17       0.0000000
       3250.0000   2.5813005e-17       0.0000000
       3260.0000   2.6739169e-17       0.0000000
       3270.0000   2.7691293e-17       0.0000000
       3280.0000   2.8669866e-17       0.0000000
       3290.0000   2.9675379e-17       0.0000000
       3300.0000   3.0708328e-17       0.0000000
       3310.0000   3.1769208e-17       0.0000000
       3320.0000   3.2858519e-17       0.0000000
       3330.0000   3.3976764e-17       0.0000000
       3340.0000   3.5124446e-17       0.0000000
       3350.0000   3.6302072e-17       0.0000000
       3360.0000   3.7510150e-17       0.0000000
       3370.0000   3.8749191e-17       0.0000000
       3380.0000   4.0019706e-17       0.0000000
       3390.0000   4.1322210e-17       0.0000000
       3400.0000   4.2657217e-17       0.0000000
       3410.0000   4.4025245e-17       0.0000000
       3420.0000   4.5426811e-17       0.0000000
       3430.0000   4.6862435e-17       0.0000000
       3440.0000   4.8332637e-17       0.0000000
       3450.0000   4.9837937e-17       0.0000000
       3460.0000   5.1378857e-17       0.0000000
       3470.0000   5.2955919e-17       0.0000000
       3480.0000   5.4569647e-17       0.0000000
       3490.0000   5.6220563e-17       0.0000000
       3500.0000   5.7909190e-17       0.0000000
       3510.0000   5.9636052e-17       0.0000000
       3520.0000   6.1401672e-17       0.0000000
       3530.0000   6.3206573e-17       0.0000000
       3540.0000   6.5051277e-17       0.0000000
       3550.0000   6.6936306e-17       0.0000000
       3560.0000   6.8862182e-17       0.0000000
       3570.0000   7.0829425e-17       0.0000000
       3580.0000   7.2838556e-17       0.0000000
       3590.0000   7.4890092e-17       0.0000000
       3600.0000   7.6984551e-17       0.0000000
       3610.0000   7.9122450e-17       0.0000000
       3620.0000   8.1304303e-17       0.0000000
       3630.0000   8.3530622e-17       0.0000000
       3640.0000   8.5801921e-17       0.0000000
       3650.0000   8.8118707e-17       0.0000000
       3660.0000   9.0481488e-17       0.0000000
       3670.0000   9.2890771e-17       0.0000000
       3680.0000   9.5347057e-17       0.0000000
       3690.0000   9.7850848e-17       0.0000000
       3700.0000   1.0040264e-16       0.0000000
       3710.0000   1.0300293e-16       0.0000000
       3720.0000   1.0565222e-16       0.0000000
       3730.0000   1.0835098e-16       0.0000000
       3740.0000   1.1109971e-16       0.0000000
       3750.0000   1.1389890e-16       0.0000000
       3760.0000   1.1674901e-16       0.0000000
       3770.0000   1.1965054e-16       0.0000000
       3780.0000   1.2260394e-16       0.0000000
       3790.0000   1.2560970e-16       0.0000000
       3800.0000   1.2866828e-16       0.0000000
       3810.0000   1.3178014e-16       0.0000000
       3820.0000   1.3494574e-16       0.0000000
       3830.0000   1.3816553e-16       0.0000000
       3840.0000   1.4143997e-16       0.0000000
       3850.0000   1.4476949e-16       0.0000000
       3860.0000   1.4815454e-16       0.0000000
       3870.0000   1.5159557e-16       0.0000000
       3880.0000   1.5509299e-16       0.0000000
       3890.0000   1.5864723e-16       0.0000000
       3900.0000   1.6225873e-16       0.0000000
       3910.0000   1.6592789e-16       0.0000000
       3920.0000   1.6965514e-16       0.0000000
       3930.0000   1.7344087e-16       0.0000000
       3940.0000   1.7728549e-16       0.0000000
       3950.0000   1.8118939e-16       0.0000000
       3960.0000   1.8515297e-16       0.0000000
       3970.0000   1.8917662e-16       0.0000000
       3980.0000   1.9326071e-16       0.0000000
       3990.0000   1.9740562e-16       0.0000000
       4000.0000   2.0161171e-16       0.0000000
       4010.0000   2.0587936e-16       0.0000000
       4020.0000   2.1020891e-16       0.0000000
       4030.0000   2.1460073e-16       0.0000000
       4040.0000   2.1905514e-16       0.0000000
       4050.0000   2.2357251e-16       0.0000000
       4060.0000   2.2815314e-16       0.0000000
       4070.0000   2.3279738e-16       0.0000000
       4080.0000   2.3750555e-16       0.0000000
       4090.0000   2.4227795e-16       0.0000000
       4100.0000   2.4711490e-16       0.0000000
       4110.0000   2.5201669e-16       0.0000000
       4120.0000   2.5698362e-16       0.0000000
       4130.0000   2.6201598e-16       0.0000000
       4140.0000   2.6711404e-16       0.0000000
       4150.0000   2.7227809e-16       0.0000000
       4160.0000   2.7750839e-16       0.0000000
       4170.0000   2.8280520e-16       0.0000000
       4180.0000   2.8816877e-16       0.0000000
       4190.0000   2.9359935e-16       0.0000000
       4200.0000   2.9909718e-16       0.0000000
       4210.0000   3.0466250e-16       0.0000000
       4220.0000   3.1029552e-16       0.0000000
       4230.0000   3.1599647e-16       0.0000000
       4240.0000   3.2176556e-16       0.0000000
       4250.0000   3.2760299e-16       0.0000000
       4260.0000   3.3350895e-16       0.0000000
       4270.0000   3.3948365e-16       0.0000000
       4280.0000   3.4552726e-16       0.0000000
       4290.0000   3.5163995e-16       0.0000000
       4300.0000   3.5782190e-16       0.0000000
       4310.0000   3.6407326e-16       0.0000000
       4320.0000   3.7039419e-16       0.0000000
       4330.0000   3.7678484e-16       0.0000000
       4340.0000   3.8324533e-16       0.0000000
       4350.0000   3.8977581e-16       0.0000000
       4360.0000   3.9637640e-16       0.0000000
       4370.0000   4.0304721e-16       0.0000000
       4380.0000   4.0978835e-16       0.0000000
       4390.0000   4.1659993e-16       0.0000000
       4400.0000   4.2348203e-16       0.0000000
       4410.0000   4.3043475e-16       0.0000000
       4420.0000   4.3745816e-16       0.0000000
       4430.0000   4.4455233e-16       0.0000000
       4440.0000   4.5171733e-16       0.0000000
       4450.0000   4.5895322e-16       0.0000000
       4460.0000   4.6626005e-16       0.0000000
       4470.0000   4.7363785e-16       0.0000000
       4480.0000   4.8108666e-16       0.0000000
       4490.0000   4.8860652e-16       0.0000000
       4500.0000   4.9619743e-16       0.0000000
       4510.0000   5.0385941e-16       0.0000000
       4520.0000   5.1159247e-16       0.0000000
       4530.0000   5.1939661e-16       0.0000000
       4540.0000   5.2727181e-16       0.0000000
       4550.0000   5.3521805e-16       0.0000000
       4560.0000   5.4323532e-16       0.0000000
       4570.0000   5.5132359e-16       0.0000000
       4580.0000   5.5948281e-16       0.0000000
       4590.0000   5.6771293e-16       0.0000000
       4600.0000   5.7601391e-16       0.0000000
       4610.0000   5.8438569e-16       0.0000000
       4620.0000   5.9282819e-16       0.0000000
       4630.0000   6.0134135e-16       0.0000000
       4640.0000   6.0992508e-16       0.0000000
       4650.0000   6.1857930e-16       0.0000000
       4660.0000   6.2730391e-16       0.0000000
       4670.0000   6.3609880e-16       0.0000000
       4680.0000   6.4496387e-16       0.0000000
       4690.0000   6.5389900e-16       0.0000000
       4700.0000   6.6290407e-16       0.0000000
       4710.0000   6.7197894e-16       0.0000000
       4720.0000   6.8112350e-16       0.0000000
       4730.0000   6.9033758e-16       0.0000000
       4740.0000   6.9962104e-16       0.0000000
       4750.0000   7.0897372e-16       0.0000000
       4760.0000   7.1839547e-16       0.0000000
       4770.0000   7.2788610e-16       0.0000000
       4780.0000   7.3744546e-16       0.0000000
       4790.0000   7.4707334e-16       0.0000000
       4800.0000   7.5676957e-16       0.0000000
       4810.0000   7.6653395e-16       0.0000000
       4820.0000   7.7636628e-16       0.0000000
       4830.0000   7.8626634e-16       0.0000000
       4840.0000   7.9623394e-16       0.0000000
       4850.0000   8.0626884e-16       0.0000000
       4860.0000   8.1637082e-16       0.0000000
       4870.0000   8.2653965e-16       0.0000000
       4880.0000   8.3677509e-16       0.0000000
       4890.0000   8.4707690e-16       0.0000000
       4900.0000   8.5744483e-16       0.0000000
       4910.0000   8.6787861e-16       0.0000000
       4920.0000   8.7837801e-16       0.0000000
       4930.0000   8.8894273e-16       0.0000000
       4940.0000   8.9957252e-16       0.0000000
       4950.0000   9.1026709e-16       0.0000000
       4960.0000   9.2102616e-16       0.0000000
       4970.0000   9.3184945e-16       0.0000000
       4980.0000   9.4273665e-16       0.0000000
       4990.0000   9.5368748e-16       0.0000000
       5000.0000   9.6470161e-16       0.0000000
       5010.0000   9.7577875e-16       0.0000000
       5020.0000   9.8691858e-16       0.0000000
       5030.0000   9.9812078e-16       0.0000000
       5040.0000   1.0093850e-15       0.0000000
       5050.0000   1.0207110e-15       0.0000000
       5060.0000   1.0320983e-15       0.0000000
       5070.0000   1.0435467e-15       0.0000000
       5080.0000   1.0550558e-15       0.0000000
       5090.0000   1.0666252e-15       0.0000000
       5100.0000   1.0782546e-15       0.0000000
       5110.0000   1.0899436e-15       0.0000000
       5120.0000   1.1016920e-15       0.0000000
       5130.0000   1.1134992e-15       0.0000000
       5140.0000   1.1253649e-15       0.0000000
       5150.0000   1.1372889e-15       0.0000000
       5160.0000   1.1492705e-15       0.0000000
       5170.0000   1.1613096e-15       0.0000000
       5180.0000   1.1734057e-15       0.0000000
       5190.0000   1.1855584e-15       0.0000000
       5200.0000   1.1977674e-15       0.0000000
       5210.0000   1.2100321e-15       0.0000000
       5220.0000   1.2223523e-15       0.0000000
       5230.0000   1.2347275e-15       0.0000000
       5240.0000   1.2471572e-15       0.0000000
       5250.0000   1.2596412e-15       0.0000000
       5260.0000   1.2721789e-15       0.0000000
       5270.0000   1.2847700e-15       0.0000000
       5280.0000   1.2974140e-15       0.0000000
       5290.0000   1.3101105e-15       0.0000000
       5300.0000   1.3228590e-15       0.0000000
       5310.0000   1.3356592e-15       0.0000000
       5320.0000   1.3485105e-15       0.0000000
       5330.0000   1.3614126e-15       0.0000000
       5340.0000   1.3743650e-15       0.0000000
       5350.0000   2.5572041e-15            -NaN
       5360.0000   2.2597743e-15            -NaN
       5370.0000   2.2169546e-15            -NaN
       5380.0000   2.8214354e-15            -NaN
       5390.0000   2.8342154e-15   1.2667688e-17
       5400.0000   3.0837814e-15   1.2434160e-17
       5410.0000   2.5737478e-15            -NaN
       5420.0000   3.1015359e-15            -NaN
       5430.0000   2.6884425e-15            -NaN
       5440.0000   3.3847918e-15            -NaN
       5450.0000   1.3561776e-15            -NaN
       5460.0000   1.6224800e-15            -NaN
       5470.0000   1.7637174e-15            -NaN
       5480.0000   1.9359973e-15            -NaN
       5490.0000   2.1384049e-15            -NaN
       5500.0000   1.3599043e-15   1.2984580e-17
       5510.0000   1.2392883e-15   1.2910884e-17
       5520.0000   1.0885677e-15   1.3483783e-17
       5530.0000   1.0832191e-15            -NaN
       5540.0000   8.7688658e-16            -NaN
       5550.0000   1.0091125e-15            -NaN
       5560.0000   1.4026723e-15            -NaN
       5570.0000   1.6895957e-15            -NaN
       5580.0000   2.4400843e-15            -NaN
       5590.0000   2.1481243e-15            -NaN
       5600.0000   1.6588236e-15            -NaN
       5610.0000   1.8621192e-15   1.3242925e-17
       5620.0000   1.6304313e-15   1.3071131e-17
       5630.0000   1.5317890e-15            -NaN
       5640.0000   1.7168835e-15            -NaN
       5650.0000   2.0239885e-15            -NaN
       5660.0000   2.2446712e-15            -NaN
       5670.0000   1.7956311e-15   1.6347701e-17
       5680.0000   2.1242586e-15   1.7267487e-17
       5690.0000   2.1972787e-15   2.4608056e-17
       5700.0000   2.5111101e-15            -NaN
       5710.0000   2.7546272e-15            -NaN
       5720.0000   2.3728968e-15   1.5409967e-17
       5730.0000   2.5701853e-15   1.5087662e-17
       5740.0000   2.5514866e-15            -NaN
       5750.0000   2.9546663e-15   1.5679410e-17
       5760.0000   2.3890767e-15            -NaN
       5770.0000   2.3581006e-15   2.4186653e-17
       5780.0000   2.5541226e-15   1.7638489e-17
       5790.0000   2.8315471e-15   2.5878049e-17
       5800.0000   3.1713099e-15   2.0048210e-17
       5810.0000   2.7919240e-15   2.0797923e-17
       5820.0000   2.1596516e-15            -NaN
       5830.0000   2.5101743e-15   2.2402715e-17
       5840.0000   2.3235090e-15   2.2509058e-17
       5850.0000   1.6045767e-15   2.2055763e-17
       5860.0000   1.7127682e-15   2.1607947e-17
       5870.0000   1.4938029e-15   2.2494144e-17
       5880.0000   1.2011807e-15   1.7843755e-17
       5890.0000   9.9626602e-16   1.2000652e-16
       5900.0000   9.5478563e-16   1.9795662e-17
       5910.0000   1.1077376e-15   1.6434067e-17
       5920.0000   1.3240206e-15   1.6370623e-17
       5930.0000   1.3045126e-15   1.7017527e-17
       5940.0000   1.5722961e-15   1.5663651e-17
       5950.0000   1.4409703e-15   1.5533059e-17
       5960.0000   1.4537515e-15            -NaN
       5970.0000   1.6315970e-15   1.5406386e-17
       5980.0000   1.6316039e-15   1.4614905e-17
       5990.0000   1.8077904e-15   1.3732535e-17
       6000.0000   1.8472644e-15   1.3614115e-17
       6010.0000   1.8612978e-15   1.2887509e-17
       6020.0000   2.0078343e-15   1.2441093e-17
       6030.0000   2.0945377e-15   1.2514927e-17
       6040.0000   2.1908387e-15   1.2149110e-17
       6050.0000   2.5091567e-15   1.2061365e-17
       6060.0000   2.5948437e-15   1.1944958e-17
       6070.0000   2.6982710e-15   1.1844140e-17
       6080.0000   2.3668845e-15   1.1822582e-17
       6090.0000   2.5621050e-15   1.2656345e-17
       6100.0000   2.6836879e-15   1.7558187e-17
       6110.0000   2.5310050e-15   2.6814186e-17
       6120.0000   2.3653760e-15   3.9145085e-17
       6130.0000   2.4905588e-15   5.8720706e-17
       6140.0000   2.3711539e-15            -NaN
       6150.0000   1.8933004e-15            -NaN
       6160.0000   1.3737453e-15            -NaN
       6170.0000   1.3596201e-15            -NaN
       6180.0000   1.3323577e-15            -NaN
       6190.0000   1.0904037e-15            -NaN
       6200.0000   1.1609290e-15            -NaN
       6210.0000   1.2020797e-15            -NaN
       6220.0000   1.1668611e-15            -NaN
       6230.0000   1.0751604e-15            -NaN
       6240.0000   1.1576148e-15            -NaN
       6250.0000   1.1892890e-15            -NaN
       6260.0000   1.3283960e-15            -NaN
       6270.0000   1.4656640e-15            -NaN
       6280.0000   1.6451749e-15            -NaN
       6290.0000   1.9317020e-15            -NaN
       6300.0000   2.3733953e-15            -NaN
       6310.0000   2.5932044e-15            -NaN
       6320.0000   2.9505610e-15            -NaN
       6330.0000   3.1402168e-15            -NaN
       6340.0000   3.6143646e-15            -NaN
       6350.0000   3.8172777e-15            -NaN
       6360.0000   3.1996099e-15            -NaN
       6370.0000   3.4402110e-15            -NaN
       6380.0000   3.0735945e-15            -NaN
       6390.0000   3.1584236e-15            -NaN
       6400.0000   3.8888313e-15            -NaN
       6410.0000   4.2954310e-15            -NaN
       6420.0000   3.8312463e-15            -NaN
       6430.0000   4.0985438e-15            -NaN
       6440.0000   4.3108867e-15            -NaN
       6450.0000   4.2487689e-15            -NaN
       6460.0000   4.6339707e-15            -NaN
       6470.0000   5.3238796e-15            -NaN
       6480.0000   4.7638876e-15            -NaN
       6490.0000   5.0538829e-15            -NaN
       6500.0000   5.4461114e-15            -NaN
       6510.0000   6.2997456e-15            -NaN
       6520.0000   6.6763654e-15            -NaN
       6530.0000   7.3947323e-15            -NaN
       6540.0000   8.3265562e-15            -NaN
       6550.0000   6.4343057e-15            -NaN
       6560.0000   8.1257698e-15            -NaN
       6570.0000   5.5355103e-15            -NaN
       6580.0000   4.9270538e-15            -NaN
       6590.0000   6.0091185e-15            -NaN
       6600.0000   5.3016375e-15            -NaN
       6610.0000   5.4134219e-15            -NaN
       6620.0000   4.8602656e-15            -NaN
       6630.0000   4.6780227e-15            -NaN
       6640.0000   4.2892765e-15            -NaN
       6650.0000   3.6705320e-15            -NaN
       6660.0000   3.5808151e-15            -NaN
       6670.0000   4.2401727e-15            -NaN
       6680.0000   3.4975868e-15            -NaN
       6690.0000   3.3297481e-15            -NaN
       6700.0000   3.6068814e-15            -NaN
       6710.0000   3.9812078e-15            -NaN
       6720.0000   2.7068209e-15            -NaN
       6730.0000   3.1926710e-15            -NaN
       6740.0000   3.6025334e-15            -NaN
       6750.0000   3.0194011e-15            -NaN
       6760.0000   3.4345525e-15            -NaN
       6770.0000   3.9834548e-15            -NaN
       6780.0000   3.8808924e-15            -NaN
       6790.0000   3.3421892e-15            -NaN
       6800.0000   3.7032549e-15            -NaN
       6810.0000   3.9680731e-15            -NaN
       6820.0000   3.8152118e-15            -NaN
       6830.0000   4.1639726e-15            -NaN
       6840.0000   4.2677634e-15            -NaN
       6850.0000   3.9287948e-15            -NaN
       6860.0000   3.7590516e-15            -NaN
       6870.0000   3.9214020e-15            -NaN
       6880.0000   4.5948653e-15            -NaN
       6890.0000   4.5534478e-15            -NaN
       6900.0000   4.3761598e-15            -NaN
       6910.0000   5.2905302e-15            -NaN
       6920.0000   4.5028578e-15            -NaN
       6930.0000   5.9705830e-15            -NaN
       6940.0000   6.4480695e-15            -NaN
       6950.0000   7.7602312e-15            -NaN
       6960.0000   7.3961977e-15            -NaN
       6970.0000   7.6856590e-15            -NaN
       6980.0000   8.3550898e-15            -NaN
       6990.0000   8.3633278e-15            -NaN
       7000.0000   8.6390379e-15            -NaN
       7010.0000   9.2394393e-15            -NaN
       7020.0000   1.0277353e-14            -NaN
       7030.0000   1.1441136e-14            -NaN
       7040.0000   1.2976919e-14            -NaN
       7050.0000   1.3686207e-14            -NaN
       7060.0000   5.2108820e-15            -NaN
       7070.0000   6.5384453e-15            -NaN
       7080.0000   7.2729161e-15            -NaN
       7090.0000   3.8213118e-15            -NaN
       7100.0000   4.5327395e-15            -NaN
       7110.0000   6.0304523e-15            -NaN
       7120.0000   6.7425154e-15            -NaN
       7130.0000   3.3813525e-15            -NaN
       7140.0000   3.6766819e-15            -NaN
       7150.0000   4.3016778e-15            -NaN
       7160.0000   4.2931052e-15            -NaN
       7170.0000   4.9037404e-15            -NaN
       7180.0000   5.5007960e-15            -NaN
       7190.0000   6.4053106e-15            -NaN
       7200.0000   5.2934965e-15            -NaN
       7210.0000   5.7517364e-15            -NaN
       7220.0000   6.6222206e-15            -NaN
       7230.0000   7.2260806e-15            -NaN
       7240.0000   8.1244423e-15            -NaN
       7250.0000   9.3704172e-15            -NaN
       7260.0000   9.9407311e-15            -NaN
       7270.0000   1.0119336e-14            -NaN
       7280.0000   1.0447117e-14            -NaN
       7290.0000   1.1876766e-14            -NaN
       7300.0000   1.2996302e-14            -NaN
       7310.0000   1.4171695e-14            -NaN
       7320.0000   1.5317347e-14            -NaN
       7330.0000   1.6215668e-14            -NaN
       7340.0000   1.7938891e-14            -NaN
       7350.0000   1.7423529e-14            -NaN
       7360.0000   1.7833753e-14            -NaN
       7370.0000   1.9307027e-14            -NaN
       7380.0000   1.9183050e-14            -NaN
       7390.0000   2.0091403e-14            -NaN
       7400.0000   1.9945445e-14            -NaN
       7410.0000   1.9893409e-14            -NaN
       7420.0000   1.9300959e-14            -NaN
       7430.0000   2.0489143e-14            -NaN
       7440.0000   2.0549613e-14            -NaN
       7450.0000   1.9962453e-14            -NaN
       7460.0000   2.0225807e-14            -NaN
       7470.0000   2.1490702e-14            -NaN
       7480.0000   2.0793748e-14            -NaN
       7490.0000   2.1270094e-14            -NaN
       7500.0000   2.2421383e-14            -NaN
       7510.0000   2.2953039e-14            -NaN
       7520.0000   2.2149702e-14            -NaN
       7530.0000   2.2803307e-14            -NaN
       7540.0000   2.4514405e-14            -NaN
       7550.0000   2.4350329e-14            -NaN
       7560.0000   2.4712614e-14            -NaN
       7570.0000   2.4394954e-14            -NaN
       7580.0000   2.5439953e-14            -NaN
       7590.0000   1.6048219e-14            -NaN
       7600.0000   1.7702172e-14            -NaN
       7610.0000   1.8259152e-14            -NaN
       7620.0000   2.1193935e-14            -NaN
       7630.0000   1.3455521e-14            -NaN
       7640.0000   1.4432649e-14            -NaN
       7650.0000   1.4288865e-14            -NaN
       7660.0000   9.6779690e-15            -NaN
       7670.0000   7.9082368e-15            -NaN
       7680.0000   1.0557688e-14            -NaN
       7690.0000   1.1397189e-14            -NaN
       7700.0000   5.6082800e-15            -NaN
       7710.0000   1.1536481e-14            -NaN
       7720.0000   1.2879982e-14            -NaN
       7730.0000   1.4746144e-14            -NaN
       7740.0000   1.5994829e-14            -NaN
       7750.0000   1.2126673e-14            -NaN
       7760.0000   1.3010176e-14            -NaN
       7770.0000   1.4018164e-14            -NaN
       7780.0000   1.4382817e-14            -NaN
       7790.0000   1.3843051e-14            -NaN
       7800.0000   1.3254576e-14            -NaN
       7810.0000   1.6399300e-14            -NaN
       7820.0000   1.6691028e-14            -NaN
       7830.0000   1.3747130e-14            -NaN
       7840.0000   1.5671462e-14            -NaN
       7850.0000   1.6508014e-14            -NaN
       7860.0000   1.6833246e-14            -NaN
       7870.0000   1.6809416e-14            -NaN
       7880.0000   1.8218227e-14            -NaN
       7890.0000   1.9392796e-14            -NaN
       7900.0000   1.7943872e-14            -NaN
       7910.0000   1.6474883e-14            -NaN
       7920.0000   1.7684204e-14            -NaN
       7930.0000   1.9399630e-14            -NaN
       7940.0000   1.8659298e-14            -NaN
       7950.0000   1.9032310e-14            -NaN
       7960.0000   1.9973792e-14            -NaN
       7970.0000   2.2033773e-14            -NaN
       7980.0000   2.1295697e-14            -NaN
       7990.0000   2.1048590e-14            -NaN
       8000.0000   2.1901940e-14            -NaN
       8010.0000   2.3216741e-14            -NaN
       8020.0000   2.4136968e-14            -NaN
       8030.0000   2.5466277e-14            -NaN
       8040.0000   2.5681794e-14            -NaN
       8050.0000   2.7401557e-14            -NaN
       8060.0000   2.8909367e-14            -NaN
       8070.0000   2.8170667e-14            -NaN
       8080.0000   2.9942747e-14            -NaN
       8090.0000   3.0694078e-14            -NaN
       8100.0000   3.0642785e-14            -NaN
       8110.0000   3.1922416e-14            -NaN
       8120.0000   3.2739517e-14            -NaN
       8130.0000   3.3672758e-14            -NaN
       8140.0000   3.4308006e-14            -NaN
       8150.0000   3.2980916e-14            -NaN
       8160.0000   3.2537474e-14            -NaN
       8170.0000   3.4526207e-14            -NaN
       8180.0000   2.7170542e-14            -NaN
       8190.0000   2.8549040e-14            -NaN
       8200.0000   2.7538895e-14            -NaN
       8210.0000   3.0956946e-14            -NaN
       8220.0000   3.1832770e-14            -NaN
       8230.0000   3.3529092e-14            -NaN
       8240.0000   3.4376193e-14            -NaN
       8250.0000   3.3845436e-14            -NaN
       8260.0000   3.4344235e-14            -NaN
       8270.0000   3.2850875e-14            -NaN
       8280.0000   3.3288170e-14            -NaN
       8290.0000   3.0322792e-14            -NaN
       8300.0000   3.0464640e-14            -NaN
       8310.0000   3.0832806e-14            -NaN
       8320.0000   3.2246159e-14            -NaN
       8330.0000   3.1786609e-14            -NaN
       8340.0000   3.2012307e-14            -NaN
       8350.0000   3.1250328e-14            -NaN
       8360.0000   3.1613523e-14            -NaN
       8370.0000   3.2701811e-14            -NaN
       8380.0000   3.0684223e-14            -NaN
       8390.0000   2.8947293e-14            -NaN
       8400.0000   3.2139405e-14            -NaN
       8410.0000   3.1377954e-14            -NaN
       8420.0000   3.0017208e-14            -NaN
       8430.0000   3.2425766e-14            -NaN
       8440.0000   2.7597584e-14            -NaN
       8450.0000   2.4684285e-14            -NaN
       8460.0000   2.2723519e-14            -NaN
       8470.0000   2.1599679e-14            -NaN
       8480.0000   2.3090622e-14            -NaN
       8490.0000   2.5165762e-14            -NaN
       8500.0000   2.3950003e-14            -NaN
       8510.0000   2.3508419e-14            -NaN
       8520.0000   2.2138940e-14            -NaN
       8530.0000   2.4292280e-14            -NaN
       8540.0000   2.4369807e-14            -NaN
       8550.0000   2.7408476e-14            -NaN
       8560.0000   2.5271797e-14            -NaN
       8570.0000   2.6857996e-14            -NaN
       8580.0000   2.7456088e-14            -NaN
       8590.0000   2.7981414e-14            -NaN
       8600.0000   2.8659770e-14            -NaN
       8610.0000   2.9055530e-14            -NaN
       8620.0000   2.9320148e-14            -NaN
       8630.0000   2.8378554e-14            -NaN
       8640.0000   2.9094597e-14            -NaN
       8650.0000   2.9441650e-14            -NaN
       8660.0000   2.8273319e-14            -NaN
       8670.0000   3.0850883e-14            -NaN
       8680.0000   3.1128975e-14            -NaN
       8690.0000   2.7661766e-14            -NaN
       8700.0000   2.8697671e-14            -NaN
       8710.0000   2.8018434e-14            -NaN
       8720.0000   2.8846360e-14            -NaN
       8730.0000   3.0909605e-14            -NaN
       8740.0000   3.0836415e-14            -NaN
       8750.0000   3.1295123e-14            -NaN
       8760.0000   3.6046647e-14            -NaN
       8770.0000   3.4389353e-14            -NaN
       8780.0000   3.2894540e-14            -NaN
       8790.0000   3.6335499e-14            -NaN
       8800.0000   3.3357138e-14            -NaN
       8810.0000   3.5842148e-14            -NaN
       8820.0000   3.7017444e-14            -NaN
       8830.0000   3.6951985e-14            -NaN
       8840.0000   3.8315339e-14            -NaN
       8850.0000   3.7123782e-14            -NaN
       8860.0000   3.0224424e-14            -NaN
       8870.0000   2.8389339e-14            -NaN
       8880.0000   3.2531978e-14            -NaN
       8890.0000   3.2887472e-14            -NaN
       8900.0000   3.3415300e-14            -NaN
       8910.0000   3.3249981e-14            -NaN
       8920.0000   3.6670295e-14            -NaN
       8930.0000   3.5270299e-14            -NaN
       8940.0000   3.2556901e-14            -NaN
       8950.0000   3.3536140e-14            -NaN
       8960.0000   3.4824894e-14            -NaN
       8970.0000   3.4843311e-14            -NaN
       8980.0000   3.6000137e-14            -NaN
       8990.0000   3.5694398e-14            -NaN
       9000.0000   3.5769857e-14            -NaN
       9010.0000   3.6422177e-14            -NaN
       9020.0000   3.5256251e-14            -NaN
       9030.0000   3.6425007e-14            -NaN
       9040.0000   3.9123995e-14            -NaN
       9050.0000   4.0053240e-14            -NaN
       9060.0000   3.7221620e-14            -NaN
       9070.0000   3.8095909e-14            -NaN
       9080.0000   4.0507514e-14            -NaN
       9090.0000   3.8303776e-14            -NaN
       9100.0000   4.1117561e-14            -NaN
       9110.0000   4.1076802e-14            -NaN
       9120.0000   4.1990923e-14            -NaN
       9130.0000   4.1799932e-14            -NaN
       9140.0000   4.0345947e-14            -NaN
       9150.0000   4.0324864e-14            -NaN
       9160.0000   4.3377670e-14            -NaN
       9170.0000   4.2998490e-14            -NaN
       9180.0000   4.3393804e-14            -NaN
       9190.0000   4.5445876e-14            -NaN
       9200.0000   4.5423743e-14            -NaN
       9210.0000   4.8039787e-14            -NaN
       9220.0000   4.8590187e-14   4.7104474e-16
       9230.0000   4.8195242e-14   4.3629804e-16
       9240.0000   4.7800297e-14   4.0155135e-16
       9250.0000   4.7397472e-14   3.7088304e-16
       9260.0000   4.6954179e-14   3.6115896e-16
       9270.0000   4.6510885e-14   3.5143488e-16
       9280.0000   4.6067592e-14   3.4171080e-16
       9290.0000   4.5861927e-14   3.6421055e-16
       9300.0000   4.5800031e-14   4.0620623e-16
       9310.0000   4.5738136e-14   4.4820190e-16
       9320.0000   4.5681870e-14   4.8110458e-16
       9330.0000   4.5705255e-14   3.8536016e-16
       9340.0000   4.5728639e-14   2.8961574e-16
       9350.0000   4.5752024e-14   1.9387133e-16
       9360.0000   4.5914176e-14   1.4681436e-16
       9370.0000   4.6219611e-14   1.5002976e-16
       9380.0000   4.6525047e-14   1.5324515e-16
       9390.0000   4.6830483e-14   1.5646055e-16
       9400.0000   4.7280138e-14   2.1638546e-16
       9410.0000   4.7745645e-14   2.8254313e-16
       9420.0000   4.8211151e-14   3.4870081e-16
       9430.0000   4.8673574e-14   3.6950179e-16
       9440.0000   4.9128559e-14   2.8084197e-16
       9450.0000   4.9583543e-14   1.9218216e-16
       9460.0000   5.0038527e-14   1.0352234e-16
       9470.0000   5.0412006e-14   1.3356610e-16
       9480.0000   5.0744990e-14   2.2258859e-16
       9490.0000   5.1077973e-14   3.1161108e-16
       9500.0000   5.1402713e-14   3.9824085e-16
       9510.0000   5.1441602e-14   4.0189240e-16
       9520.0000   5.1480490e-14   4.0554394e-16
       9530.0000   5.1519378e-14   4.0919548e-16
       9540.0000   5.1439917e-14   4.0819715e-16
       9550.0000   5.1159801e-14   3.9931520e-16
       9560.0000   5.0879685e-14   3.9043324e-16
       9570.0000   5.0599569e-14   3.8155129e-16
       9580.0000   5.0646231e-14   4.1403341e-16
       9590.0000   5.0834248e-14   4.6440833e-16
       9600.0000   5.1022265e-14   5.1478324e-16
       9610.0000   5.1210334e-14   5.6433717e-16
       9620.0000   5.1404923e-14   5.1218780e-16
       9630.0000   5.1599512e-14   4.6003844e-16
       9640.0000   5.1794101e-14   4.0788907e-16
       9650.0000   5.1936713e-14   3.6106496e-16
       9660.0000   5.1960328e-14   3.2643265e-16
       9670.0000   5.1983943e-14   2.9180034e-16
       9680.0000   5.2007558e-14   2.5716802e-16
       9690.0000   5.2148109e-14   3.2110944e-16
       9700.0000   5.2372299e-14   4.5555500e-16
       9710.0000   5.2596488e-14   5.9000057e-16
       9720.0000   5.2820678e-14   7.2444614e-16
       9730.0000   5.2953563e-14   6.8650182e-16
       9740.0000   5.3070089e-14   6.1766866e-16
       9750.0000   5.3186614e-14   5.4883550e-16
       9760.0000   5.3305967e-14   4.7905987e-16
       9770.0000   5.3451628e-14   4.0051758e-16
       9780.0000   5.3597288e-14   3.2197529e-16
       9790.0000   5.3742949e-14   2.4343299e-16
       9800.0000   5.3779840e-14   1.7832022e-16
       9810.0000   5.3596947e-14   1.4034379e-16
       9820.0000   5.3414054e-14   1.0236735e-16
       9830.0000   5.3231161e-14   6.4390919e-17
       9840.0000   5.2650032e-14   1.0011825e-16
       9850.0000   5.1743075e-14   1.9614867e-16
       9860.0000   5.0836118e-14   2.9217908e-16
       9870.0000   4.9929161e-14   3.8820949e-16
       9880.0000   4.9032762e-14   3.6037327e-16
       9890.0000   4.8139789e-14   2.9233767e-16
       9900.0000   4.7246816e-14   2.2430207e-16
       9910.0000   4.6353843e-14   1.5626647e-16
       9920.0000   4.5784920e-14   1.6729027e-16
       9930.0000   4.5234850e-14   1.8291367e-16
       9940.0000   4.4684780e-14   1.9853708e-16
       9950.0000   4.4250684e-14   2.1522325e-16
       9960.0000   4.4651441e-14   2.3955984e-16
       9970.0000   4.5052199e-14   2.6389642e-16
       9980.0000   4.5452956e-14   2.8823300e-16
       9990.0000   4.5830729e-14   2.9707673e-16
       10000.000   4.6150273e-14   2.6666975e-16
       10010.000   4.6469818e-14   2.3626277e-16
       10020.000   4.6789362e-14   2.0585579e-16
       10030.000   4.7195869e-14   1.7875628e-16
       10040.000   4.7717661e-14   1.5604141e-16
       10050.000   4.8239453e-14   1.3332655e-16
       10060.000   4.8761244e-14   1.1061168e-16
       10070.000   4.9057031e-14   1.2428173e-16
       10080.000   4.9182269e-14   1.6540879e-16
       10090.000   4.9307507e-14   2.0653585e-16
       10100.000   4.9432745e-14   2.4766292e-16
       10110.000   4.9735434e-14   2.6559859e-16
       10120.000   5.0117868e-14   2.7311209e-16
       10130.000   5.0500302e-14   2.8062558e-16
       10140.000   5.0882736e-14   2.8813908e-16
       10150.000   5.0906532e-14   2.8989885e-16
       10160.000   5.0835016e-14   2.9012951e-16
       10170.000   5.0763499e-14   2.9036016e-16
       10180.000   5.0691983e-14   2.9059082e-16
       10190.000   5.0588883e-14   2.6201885e-16
       10200.000   5.0481878e-14   2.2988488e-16
       10210.000   5.0374873e-14   1.9775090e-16
       10220.000   5.0267867e-14   1.6561693e-16
       10230.000   5.0138280e-14   1.4738187e-16
       10240.000   5.0007995e-14   1.2957639e-16
       10250.000   4.9877709e-14   1.1177090e-16
       10260.000   4.9757681e-14   9.5721624e-17
       10270.000   4.9883571e-14   1.2177844e-16
       10280.000   5.0009462e-14   1.4783525e-16
       10290.000   5.0135352e-14   1.7389206e-16
       10300.000   5.0277064e-14   2.0100414e-16
       10310.000   5.0561176e-14   2.3761359e-16
       10320.000   5.0845288e-14   2.7422304e-16
       10330.000   5.1129400e-14   3.1083249e-16
       10340.000   5.1437892e-14   3.4623832e-16
       10350.000   5.1896101e-14   3.7425296e-16
       10360.000   5.2354309e-14   4.0226759e-16
       10370.000   5.2812518e-14   4.3028222e-16
       10380.000   5.3217484e-14   4.3696915e-16
       10390.000   5.3362538e-14   3.3954113e-16
       10400.000   5.3507591e-14   2.4211312e-16
       10410.000   5.3652645e-14   1.4468510e-16
       10420.000   5.3824427e-14   7.2150152e-17
       10430.000   5.4110199e-14   1.0577871e-16
       10440.000   5.4395971e-14   1.3940727e-16
       10450.000   5.4681744e-14   1.7303583e-16
       10460.000   5.4873239e-14   2.0406064e-16
       10470.000   5.4687626e-14   2.2467046e-16
       10480.000   5.4502013e-14   2.4528028e-16
       10490.000   5.4316401e-14   2.6589010e-16
       10500.000   5.4148451e-14   2.7561269e-16
       10510.000   5.4051152e-14   2.4178638e-16
       10520.000   5.3953853e-14   2.0796007e-16
       10530.000   5.3856554e-14   1.7413376e-16
       10540.000   5.3765061e-14   1.4938602e-16
       10550.000   5.3698310e-14   1.6333187e-16
       10560.000   5.3631560e-14   1.7727771e-16
       10570.000   5.3564810e-14   1.9122356e-16
       10580.000   5.3536563e-14   2.0463857e-16
       10590.000   5.3710371e-14   2.1526795e-16
       10600.000   5.3884180e-14   2.2589733e-16
       10610.000   5.4057988e-14   2.3652671e-16
       10620.000   5.4229215e-14   2.4119894e-16
       10630.000   5.4383164e-14   2.0599713e-16
       10640.000   5.4537114e-14   1.7079532e-16
       10650.000   5.4691063e-14   1.3559351e-16
       10660.000   5.4857908e-14   1.0820646e-16
       10670.000   5.5173094e-14   1.7071307e-16
       10680.000   5.5488280e-14   2.3321967e-16
       10690.000   5.5803466e-14   2.9572628e-16
       10700.000   5.6117795e-14   3.5822045e-16
       10710.000   5.6390174e-14   4.2010599e-16
       10720.000   5.6662553e-14   4.8199154e-16
       10730.000   5.6934933e-14   5.4387708e-16
       10740.000   5.7207312e-14   6.0576263e-16
       10750.000   5.7391759e-14   5.0895822e-16
       10760.000   5.7572540e-14   4.0553499e-16
       10770.000   5.7753320e-14   3.0211177e-16
       10780.000   5.7934100e-14   1.9868855e-16
       10790.000   5.8069892e-14   2.3356107e-16
       10800.000   5.8199548e-14   2.8729558e-16
       10810.000   5.8329204e-14   3.4103009e-16
       10820.000   5.8458860e-14   3.9476461e-16
       10830.000   5.8772887e-14   3.8124875e-16
       10840.000   5.9135914e-14   3.4986041e-16
       10850.000   5.9498940e-14   3.1847208e-16
       10860.000   5.9861966e-14   2.8708375e-16
       10870.000   5.9964749e-14   2.5139351e-16
       10880.000   5.9955999e-14   2.1385959e-16
       10890.000   5.9947250e-14   1.7632567e-16
       10900.000   5.9938500e-14   1.3879175e-16
       10910.000   5.9825754e-14   1.2054911e-16
       10920.000   5.9640751e-14   1.1571010e-16
       10930.000   5.9455747e-14   1.1087110e-16
       10940.000   5.9270743e-14   1.0603209e-16
       10950.000   5.9101403e-14   1.0409851e-16
       10960.000   5.8949031e-14   1.0531271e-16
       10970.000   5.8796659e-14   1.0652691e-16
       10980.000   5.8644288e-14   1.0774112e-16
       10990.000   5.8482081e-14   1.0961878e-16
       11000.000   5.8301607e-14   1.1272857e-16
       11010.000   5.8121134e-14   1.1583837e-16
       11020.000   5.7940661e-14   1.1894817e-16
       11030.000   5.7733523e-14   1.3808081e-16
       11040.000   5.7431859e-14   2.1401527e-16
       11050.000   5.7130194e-14   2.8994973e-16
       11060.000   5.6828529e-14   3.6588420e-16
       11070.000   5.6543960e-14   4.3630463e-16
       11080.000   5.6456038e-14   4.4329699e-16
       11090.000   5.6368116e-14   4.5028935e-16
       11100.000   5.6280194e-14   4.5728171e-16
       11110.000   5.6192272e-14   4.6427408e-16
       11120.000   5.6182749e-14   5.0190223e-16
       11130.000   5.6179130e-14   5.4183699e-16
       11140.000   5.6175510e-14   5.8177175e-16
       11150.000   5.6171891e-14   6.2170652e-16
       11160.000   5.6158205e-14   5.8703714e-16
       11170.000   5.6141683e-14   5.3133515e-16
       11180.000   5.6125160e-14   4.7563316e-16
       11190.000   5.6108637e-14   4.1993117e-16
       11200.000   5.6116462e-14   3.4403128e-16
       11210.000   5.6139857e-14   2.5521584e-16
       11220.000   5.6163252e-14   1.6640041e-16
       11230.000   5.6186646e-14   7.7584981e-17
       11240.000   5.6210596e-14   4.5371210e-17
       11250.000   5.6235252e-14   8.5184495e-17
       11260.000   5.6259909e-14   1.2499778e-16
       11270.000   5.6284565e-14   1.6481107e-16
       11280.000   5.6153487e-14   1.9425236e-16
       11290.000   5.5579077e-14   1.9416736e-16
       11300.000   5.5004667e-14   1.9408236e-16
       11310.000   5.4430257e-14   1.9399737e-16
       11320.000   5.3855589e-14   1.9883353e-16
       11330.000   5.3277496e-14   2.6903117e-16
       11340.000   5.2699404e-14   3.3922882e-16
       11350.000   5.2121311e-14   4.0942646e-16
       11360.000   5.1543219e-14   4.7962411e-16
       11370.000   5.1411084e-14   4.5757414e-16
       11380.000   5.1339717e-14   4.2295425e-16
       11390.000   5.1268350e-14   3.8833437e-16
       11400.000   5.1196982e-14   3.5371448e-16
       11410.000   5.1425956e-14   3.5680325e-16
       11420.000   5.1796216e-14   3.7763090e-16
       11430.000   5.2166475e-14   3.9845855e-16
       11440.000   5.2536735e-14   4.1928619e-16
       11450.000   5.3065774e-14   4.4969147e-16
       11460.000   5.3773920e-14   4.9090044e-16
       11470.000   5.4482065e-14   5.3210940e-16
       11480.000   5.5190211e-14   5.7331837e-16
       11490.000   5.5780957e-14   5.8275449e-16
       11500.000   5.6019688e-14   4.9692172e-16
       11510.000   5.6258419e-14   4.1108895e-16
       11520.000   5.6497150e-14   3.2525618e-16
       11530.000   5.6726844e-14   2.4189727e-16
       11540.000   5.6665107e-14   2.3831246e-16
       11550.000   5.6603369e-14   2.3472764e-16
       11560.000   5.6541632e-14   2.3114282e-16
       11570.000   5.6479895e-14   2.2755801e-16
       11580.000   5.6332753e-14   2.5001495e-16
       11590.000   5.6165586e-14   2.7857814e-16
       11600.000   5.5998419e-14   3.0714132e-16
       11610.000   5.5831252e-14   3.3570450e-16
       11620.000   5.5499580e-14   3.3415697e-16
       11630.000   5.5048775e-14   3.1080337e-16
       11640.000   5.4597970e-14   2.8744977e-16
       11650.000   5.4147165e-14   2.6409617e-16
       11660.000   5.3779355e-14   2.3267414e-16
       11670.000   5.3572695e-14   1.8558577e-16
       11680.000   5.3366035e-14   1.3849740e-16
       11690.000   5.3159375e-14   9.1409037e-17
       11700.000   5.2943641e-14   5.3966804e-17
       11710.000   5.2636206e-14   1.1401120e-16
       11720.000   5.2328771e-14   1.7405560e-16
       11730.000   5.2021335e-14   2.3409999e-16
       11740.000   5.1713900e-14   2.9414439e-16
       11750.000   5.1783579e-14   2.7547344e-16
       11760.000   5.1919808e-14   2.4291154e-16
       11770.000   5.2056037e-14   2.1034964e-16
       11780.000   5.2192266e-14   1.7778775e-16
       11790.000   5.2285629e-14   2.0570205e-16
       11800.000   5.2349198e-14   2.7565238e-16
       11810.000   5.2412767e-14   3.4560270e-16
       11820.000   5.2476335e-14   4.1555302e-16
       11830.000   5.2616563e-14   4.5792621e-16
       11840.000   5.2912444e-14   4.4430450e-16
       11850.000   5.3208325e-14   4.3068280e-16
       11860.000   5.3504207e-14   4.1706110e-16
       11870.000   5.3756494e-14   3.9988892e-16
       11880.000   5.3429769e-14   3.3556034e-16
       11890.000   5.3103045e-14   2.7123175e-16
       11900.000   5.2776321e-14   2.0690316e-16
       11910.000   5.2449597e-14   1.4257457e-16
       11920.000   5.2166414e-14   1.3484202e-16
       11930.000   5.1894116e-14   1.4125847e-16
       11940.000   5.1621819e-14   1.4767492e-16
       11950.000   5.1349521e-14   1.5409137e-16
       11960.000   5.1100972e-14   1.4802816e-16
       11970.000   5.0873485e-14   1.3089720e-16
       11980.000   5.0645997e-14   1.1376625e-16
       11990.000   5.0418510e-14   9.6635291e-17
