       3000.0000   2.9720548e-18       0.0000000
       3010.0000   3.1123039e-18       0.0000000
       3020.0000   3.2579969e-18       0.0000000
       3030.0000   3.4092941e-18       0.0000000
       3040.0000   3.5663585e-18       0.0000000
       3050.0000   3.7293560e-18       0.0000000
       3060.0000   3.8984553e-18       0.0000000
       3070.0000   4.0738281e-18       0.0000000
       3080.0000   4.2556489e-18       0.0000000
       3090.0000   4.4440948e-18       0.0000000
       3100.0000   4.6393461e-18       0.0000000
       3110.0000   4.8415857e-18       0.0000000
       3120.0000   5.0509993e-18       0.0000000
       3130.0000   5.2677753e-18       0.0000000
       3140.0000   5.4921052e-18       0.0000000
       3150.0000   5.7241829e-18       0.0000000
       3160.0000   5.9642053e-18       0.0000000
       3170.0000   6.2123717e-18       0.0000000
       3180.0000   6.4688844e-18       0.0000000
       3190.0000   6.7339482e-18       0.0000000
       3200.0000   7.0077707e-18       0.0000000
       3210.0000   7.2905618e-18       0.0000000
       3220.0000   7.5825344e-18       0.0000000
       3230.0000   7.8839037e-18       0.0000000
       3240.0000   8.1948875e-18       0.0000000
       3250.0000   8.5157061e-18       0.0000000
       3260.0000   8.8465823e-18       0.0000000
       3270.0000   9.1877412e-18       0.0000000
       3280.0000   9.5394105e-18       0.0000000
       3290.0000   9.9018202e-18       0.0000000
       3300.0000   1.0275202e-17       0.0000000
       3310.0000   1.0659792e-17       0.0000000
       3320.0000   1.1055826e-17       0.0000000
       3330.0000   1.1463542e-17       0.0000000
       3340.0000   1.1883183e-17       0.0000000
       3350.0000   1.2314991e-17       0.0000000
       3360.0000   1.2759213e-17       0.0000000
       3370.0000   1.3216095e-17       0.0000000
       3380.0000   1.3685886e-17       0.0000000
       3390.0000   1.4168839e-17       0.0000000
       3400.0000   1.4665206e-17       0.0000000
       3410.0000   1.5175242e-17       0.0000000
       3420.0000   1.5699204e-17       0.0000000
       3430.0000   1.6237351e-17       0.0000000
       3440.0000   1.6789943e-17       0.0000000
       3450.0000   1.7357242e-17       0.0000000
       3460.0000   1.7939511e-17       0.0000000
       3470.0000   1.8537015e-17       0.0000000
       3480.0000   1.9150020e-17       0.0000000
       3490.0000   1.9778795e-17       0.0000000
       3500.0000   2.0423608e-17       0.0000000
       3510.0000   2.1084729e-17       0.0000000
       3520.0000   2.1762432e-17       0.0000000
       3530.0000   2.2456987e-17       0.0000000
       3540.0000   2.3168670e-17       0.0000000
       3550.0000   2.3897754e-17       0.0000000
       3560.0000   2.4644516e-17       0.0000000
       3570.0000   2.5409233e-17       0.0000000
       3580.0000   2.6192183e-17       0.0000000
       3590.0000   2.6993643e-17       0.0000000
       3600.0000   2.7813894e-17       0.0000000
       3610.0000   2.8653214e-17       0.0000000
       3620.0000   2.9511885e-17       0.0000000
       3630.0000   3.0390187e-17       0.0000000
       3640.0000   3.1288402e-17       0.0000000
       3650.0000   3.2206812e-17       0.0000000
       3660.0000   3.3145699e-17       0.0000000
       3670.0000   3.4105345e-17       0.0000000
       3680.0000   3.5086033e-17       0.0000000
       3690.0000   3.6088046e-17       0.0000000
       3700.0000   3.7111667e-17       0.0000000
       3710.0000   3.8157178e-17       0.0000000
       3720.0000   3.9224863e-17       0.0000000
       3730.0000   4.0315004e-17       0.0000000
       3740.0000   4.1427884e-17       0.0000000
       3750.0000   4.2563785e-17       0.0000000
       3760.0000   4.3722989e-17       0.0000000
       3770.0000   4.4905778e-17       0.0000000
       3780.0000   4.6112432e-17       0.0000000
       3790.0000   4.7343232e-17       0.0000000
       3800.0000   4.8598458e-17       0.0000000
       3810.0000   4.9878390e-17       0.0000000
       3820.0000   5.1183305e-17       0.0000000
       3830.0000   5.2513483e-17       0.0000000
       3840.0000   5.3869199e-17       0.0000000
       3850.0000   5.5250730e-17       0.0000000
       3860.0000   5.6658351e-17       0.0000000
       3870.0000   5.8092336e-17       0.0000000
       3880.0000   5.9552957e-17       0.0000000
       3890.0000   6.1040487e-17       0.0000000
       3900.0000   6.2555197e-17       0.0000000
       3910.0000   6.4097354e-17       0.0000000
       3920.0000   6.5667227e-17       0.0000000
       3930.0000   6.7265083e-17       0.0000000
       3940.0000   6.8891187e-17       0.0000000
       3950.0000   7.0545801e-17       0.0000000
       3960.0000   7.2229188e-17       0.0000000
       3970.0000   7.3941607e-17       0.0000000
       3980.0000   7.5683318e-17       0.0000000
       3990.0000   7.7454576e-17       0.0000000
       4000.0000   7.9255637e-17       0.0000000
       4010.0000   8.1086753e-17       0.0000000
       4020.0000   8.2948176e-17       0.0000000
       4030.0000   8.4840154e-17       0.0000000
       4040.0000   8.6762934e-17       0.0000000
       4050.0000   8.8716761e-17       0.0000000
       4060.0000   9.0701878e-17       0.0000000
       4070.0000   9.2718524e-17       0.0000000
       4080.0000   9.4766939e-17       0.0000000
       4090.0000   9.6847357e-17       0.0000000
       4100.0000   9.8960013e-17       0.0000000
       4110.0000   1.0110514e-16       0.0000000
       4120.0000   1.0328296e-16       0.0000000
       4130.0000   1.0549370e-16       0.0000000
       4140.0000   1.0773759e-16       0.0000000
       4150.0000   1.1001484e-16       0.0000000
       4160.0000   1.1232569e-16       0.0000000
       4170.0000   1.1467033e-16       0.0000000
       4180.0000   1.1704898e-16       0.0000000
       4190.0000   1.1946186e-16       0.0000000
       4200.0000   1.2190916e-16       0.0000000
       4210.0000   1.2439110e-16       0.0000000
       4220.0000   1.2690788e-16       0.0000000
       4230.0000   1.2945969e-16       0.0000000
       4240.0000   1.3204673e-16       0.0000000
       4250.0000   1.3466918e-16       0.0000000
       4260.0000   1.3732725e-16       0.0000000
       4270.0000   1.4002112e-16       0.0000000
       4280.0000   1.4275096e-16       0.0000000
       4290.0000   1.4551696e-16       0.0000000
       4300.0000   1.4831930e-16       0.0000000
       4310.0000   1.5115815e-16       0.0000000
       4320.0000   1.5403367e-16       0.0000000
       4330.0000   1.5694604e-16       0.0000000
       4340.0000   1.5989542e-16       0.0000000
       4350.0000   1.6288197e-16       0.0000000
       4360.0000   1.6590584e-16       0.0000000
       4370.0000   1.6896719e-16       0.0000000
       4380.0000   1.7206617e-16       0.0000000
       4390.0000   1.7520292e-16       0.0000000
       4400.0000   1.7837759e-16       0.0000000
       4410.0000   1.8159031e-16       0.0000000
       4420.0000   1.8484123e-16       0.0000000
       4430.0000   1.8813047e-16       0.0000000
       4440.0000   1.9145816e-16       0.0000000
       4450.0000   1.9482443e-16       0.0000000
       4460.0000   1.9822940e-16       0.0000000
       4470.0000   2.0167319e-16       0.0000000
       4480.0000   2.0515590e-16       0.0000000
       4490.0000   2.0867766e-16       0.0000000
       4500.0000   2.1223856e-16       0.0000000
       4510.0000   2.1583872e-16       0.0000000
       4520.0000   2.1947822e-16       0.0000000
       4530.0000   2.2315717e-16       0.0000000
       4540.0000   2.2687566e-16       0.0000000
       4550.0000   2.3063377e-16       0.0000000
       4560.0000   2.3443159e-16       0.0000000
       4570.0000   2.3826920e-16       0.0000000
       4580.0000   2.4214668e-16       0.0000000
       4590.0000   2.4606410e-16       0.0000000
       4600.0000   2.5002153e-16       0.0000000
       4610.0000   2.5401903e-16       0.0000000
       4620.0000   2.5805666e-16       0.0000000
       4630.0000   2.6213450e-16       0.0000000
       4640.0000   2.6625258e-16       0.0000000
       4650.0000   2.7041095e-16       0.0000000
       4660.0000   2.7460967e-16       0.0000000
       4670.0000   2.7884878e-16       0.0000000
       4680.0000   2.8312832e-16       0.0000000
       4690.0000   2.8744832e-16       0.0000000
       4700.0000   2.9180880e-16       0.0000000
       4710.0000   2.9620981e-16       0.0000000
       4720.0000   3.0065136e-16       0.0000000
       4730.0000   3.0513348e-16       0.0000000
       4740.0000   3.0965617e-16       0.0000000
       4750.0000   3.1421946e-16       0.0000000
       4760.0000   3.1882335e-16       0.0000000
       4770.0000   3.2346784e-16       0.0000000
       4780.0000   3.2815293e-16       0.0000000
       4790.0000   3.3287863e-16       0.0000000
       4800.0000   3.3764493e-16       0.0000000
       4810.0000   3.4245181e-16       0.0000000
       4820.0000   3.4729927e-16       0.0000000
       4830.0000   3.5218728e-16       0.0000000
       4840.0000   3.5711582e-16       0.0000000
       4850.0000   3.6208487e-16       0.0000000
       4860.0000   3.6709440e-16       0.0000000
       4870.0000   3.7214438e-16       0.0000000
       4880.0000   3.7723477e-16       0.0000000
       4890.0000   3.8236554e-16       0.0000000
       4900.0000   3.8753663e-16       0.0000000
       4910.0000   3.9274800e-16       0.0000000
       4920.0000   3.9799961e-16       0.0000000
       4930.0000   4.0329139e-16       0.0000000
       4940.0000   4.0862329e-16       0.0000000
       4950.0000   4.1399525e-16       0.0000000
       4960.0000   4.1940721e-16       0.0000000
       4970.0000   4.2485909e-16       0.0000000
       4980.0000   4.3035083e-16       0.0000000
       4990.0000   4.3588235e-16       0.0000000
       5000.0000   4.4145356e-16       0.0000000
       5010.0000   4.4706440e-16       0.0000000
       5020.0000   4.5271478e-16       0.0000000
       5030.0000   4.5840460e-16       0.0000000
       5040.0000   4.6413378e-16       0.0000000
       5050.0000   4.6990221e-16       0.0000000
       5060.0000   4.7570981e-16       0.0000000
       5070.0000   4.8155647e-16       0.0000000
       5080.0000   4.8744208e-16       0.0000000
       5090.0000   4.9336654e-16       0.0000000
       5100.0000   4.9932973e-16       0.0000000
       5110.0000   5.0533155e-16       0.0000000
       5120.0000   5.1137187e-16       0.0000000
       5130.0000   5.1745057e-16       0.0000000
       5140.0000   5.2356753e-16       0.0000000
       5150.0000   5.2972262e-16       0.0000000
       5160.0000   5.3591571e-16       0.0000000
       5170.0000   5.4214667e-16       0.0000000
       5180.0000   5.4841537e-16       0.0000000
       5190.0000   5.5472166e-16       0.0000000
       5200.0000   5.6106540e-16       0.0000000
       5210.0000   5.6744645e-16       0.0000000
       5220.0000   5.7386466e-16       0.0000000
       5230.0000   5.8031988e-16       0.0000000
       5240.0000   5.8681196e-16       0.0000000
       5250.0000   5.9334074e-16       0.0000000
       5260.0000   5.9990606e-16       0.0000000
       5270.0000   6.0650776e-16       0.0000000
       5280.0000   6.1314568e-16       0.0000000
       5290.0000   6.1981965e-16       0.0000000
       5300.0000   6.2652949e-16       0.0000000
       5310.0000   6.3327505e-16       0.0000000
       5320.0000   6.4005614e-16       0.0000000
       5330.0000   6.4687259e-16       0.0000000
       5340.0000   6.5372422e-16       0.0000000
       5350.0000   7.0806803e-16   7.7201220e-18
       5360.0000   5.9889886e-16            -NaN
       5370.0000   6.1066096e-16   7.0705769e-18
       5380.0000   7.8100722e-16   7.1402248e-18
       5390.0000   7.8909723e-16   7.1296912e-18
       5400.0000   8.8090955e-16   7.1314569e-18
       5410.0000   7.2184255e-16   6.8552124e-18
       5420.0000   8.6752249e-16            -NaN
       5430.0000   7.7043239e-16            -NaN
       5440.0000   9.7301334e-16            -NaN
       5450.0000   3.1650856e-16            -NaN
       5460.0000   4.0544994e-16   1.9192088e-17
       5470.0000   3.9310672e-16   7.5589495e-18
       5480.0000   4.5096025e-16            -NaN
       5490.0000   4.7645704e-16   7.2468524e-18
       5500.0000   2.6576771e-16   7.3142792e-18
       5510.0000   2.1357584e-16   7.2367201e-18
       5520.0000   1.9262212e-16   7.6953573e-18
       5530.0000   1.9426564e-16   7.0629592e-18
       5540.0000   1.8198553e-16            -NaN
       5550.0000   1.9772351e-16            -NaN
       5560.0000   2.7296650e-16   7.2292807e-18
       5570.0000   3.7175193e-16   7.9966742e-18
       5580.0000   6.7555579e-16            -NaN
       5590.0000   5.4431717e-16            -NaN
       5600.0000   4.1850842e-16            -NaN
       5610.0000   4.5857465e-16            -NaN
       5620.0000   3.8860283e-16            -NaN
       5630.0000   3.9419201e-16   7.3740333e-18
       5640.0000   4.1297813e-16   7.6237105e-18
       5650.0000   5.0071398e-16   7.5718885e-18
       5660.0000   5.6557164e-16   7.6807251e-18
       5670.0000   4.4963913e-16   9.5388187e-18
       5680.0000   4.9507959e-16   1.0026688e-17
       5690.0000   5.2389754e-16   1.4767926e-17
       5700.0000   6.0705539e-16   9.8737867e-18
       5710.0000   7.2512933e-16   8.7675564e-18
       5720.0000   5.6497794e-16   8.6161922e-18
       5730.0000   6.5397353e-16            -NaN
       5740.0000   6.0633400e-16   8.3683997e-18
       5750.0000   7.2482357e-16   8.5122589e-18
       5760.0000   6.1308891e-16   8.9364678e-18
       5770.0000   5.4411453e-16   1.3108610e-17
       5780.0000   6.3494509e-16   9.5353886e-18
       5790.0000   7.0097772e-16   1.3886061e-17
       5800.0000   8.4995055e-16   1.0531545e-17
       5810.0000   6.8538988e-16   1.1132362e-17
       5820.0000   5.4025120e-16            -NaN
       5830.0000   6.2825953e-16            -NaN
       5840.0000   5.6804097e-16   1.2119173e-17
       5850.0000   3.9893305e-16   1.2114814e-17
       5860.0000   4.1219835e-16   1.1971892e-17
       5870.0000   3.5539829e-16   1.2942011e-17
       5880.0000   3.0285287e-16   1.0405677e-17
       5890.0000   4.8038988e-16   6.9277983e-17
       5900.0000   2.4101495e-16   1.2083907e-17
       5910.0000   2.8353750e-16   1.0161505e-17
       5920.0000   3.1337287e-16   1.0468446e-17
       5930.0000   3.1191120e-16   1.1337358e-17
       5940.0000   3.6845471e-16   1.0433725e-17
       5950.0000   3.4860998e-16   1.0572142e-17
       5960.0000   3.4828556e-16   1.0058475e-17
       5970.0000   4.1653020e-16   1.0603538e-17
       5980.0000   4.0033683e-16   1.0098779e-17
       5990.0000   4.4748795e-16   9.5179866e-18
       6000.0000   4.3617951e-16   9.4449873e-18
       6010.0000   4.2739822e-16   8.9661468e-18
       6020.0000   4.7071151e-16   8.6353450e-18
       6030.0000   5.0504909e-16   8.7381638e-18
       6040.0000   5.4414544e-16   8.4912464e-18
       6050.0000   5.7200533e-16   8.3319659e-18
       6060.0000   6.1032377e-16   8.2142060e-18
       6070.0000   6.6775384e-16   7.9806385e-18
       6080.0000   5.8650504e-16   7.6957045e-18
       6090.0000   6.1311741e-16   7.8054040e-18
       6100.0000   6.4398863e-16   7.8269643e-18
       6110.0000   6.1090519e-16   7.9990528e-18
       6120.0000   5.4852607e-16   8.4231176e-18
       6130.0000   5.6168070e-16   1.0420017e-17
       6140.0000   5.1474879e-16   1.7210921e-17
       6150.0000   4.2818368e-16   2.3643512e-17
       6160.0000   3.6402005e-16            -NaN
       6170.0000   3.5758437e-16            -NaN
       6180.0000   3.1735044e-16            -NaN
       6190.0000   2.7926946e-16            -NaN
       6200.0000   2.7318679e-16            -NaN
       6210.0000   3.0286485e-16            -NaN
       6220.0000   3.0639163e-16            -NaN
       6230.0000   2.7576202e-16            -NaN
       6240.0000   2.9361919e-16            -NaN
       6250.0000   3.2529605e-16            -NaN
       6260.0000   3.2620494e-16            -NaN
       6270.0000   3.5055576e-16            -NaN
       6280.0000   4.0918722e-16            -NaN
       6290.0000   4.5176088e-16            -NaN
       6300.0000   6.4472677e-16            -NaN
       6310.0000   6.1508360e-16            -NaN
       6320.0000   7.4378738e-16            -NaN
       6330.0000   8.1687115e-16            -NaN
       6340.0000   8.9676902e-16            -NaN
       6350.0000   9.4370174e-16            -NaN
       6360.0000   7.7354092e-16            -NaN
       6370.0000   8.7569337e-16            -NaN
       6380.0000   7.7751073e-16            -NaN
       6390.0000   8.1950069e-16            -NaN
       6400.0000   9.4625472e-16            -NaN
       6410.0000   1.0012273e-15            -NaN
       6420.0000   9.0931270e-16            -NaN
       6430.0000   9.4823985e-16            -NaN
       6440.0000   9.9882867e-16            -NaN
       6450.0000   9.7402324e-16            -NaN
       6460.0000   1.0548316e-15            -NaN
       6470.0000   1.2026299e-15            -NaN
       6480.0000   1.0883238e-15            -NaN
       6490.0000   1.1931559e-15            -NaN
       6500.0000   1.3760712e-15            -NaN
       6510.0000   1.6555584e-15            -NaN
       6520.0000   1.8865458e-15            -NaN
       6530.0000   2.1925869e-15            -NaN
       6540.0000   2.5764896e-15            -NaN
       6550.0000   1.8788832e-15            -NaN
       6560.0000   2.6877719e-15            -NaN
       6570.0000   1.5350592e-15            -NaN
       6580.0000   1.2884943e-15            -NaN
       6590.0000   1.6350156e-15            -NaN
       6600.0000   1.4067736e-15            -NaN
       6610.0000   1.4573663e-15            -NaN
       6620.0000   1.3620052e-15            -NaN
       6630.0000   1.2693313e-15            -NaN
       6640.0000   1.1315088e-15            -NaN
       6650.0000   9.8900744e-16            -NaN
       6660.0000   9.4449114e-16            -NaN
       6670.0000   1.1735007e-15            -NaN
       6680.0000   9.4325214e-16            -NaN
       6690.0000   9.1379115e-16            -NaN
       6700.0000   9.8865942e-16            -NaN
       6710.0000   1.1140053e-15            -NaN
       6720.0000   7.6554195e-16            -NaN
       6730.0000   8.8419570e-16            -NaN
       6740.0000   1.0312278e-15            -NaN
       6750.0000   8.6099474e-16            -NaN
       6760.0000   9.8889928e-16            -NaN
       6770.0000   1.1845316e-15            -NaN
       6780.0000   1.1782071e-15            -NaN
       6790.0000   9.6758879e-16            -NaN
       6800.0000   1.0868157e-15            -NaN
       6810.0000   1.1830905e-15            -NaN
       6820.0000   1.1588711e-15            -NaN
       6830.0000   1.2416994e-15            -NaN
       6840.0000   1.2824862e-15            -NaN
       6850.0000   1.1812775e-15            -NaN
       6860.0000   1.1199174e-15            -NaN
       6870.0000   1.2242903e-15            -NaN
       6880.0000   1.4053042e-15            -NaN
       6890.0000   1.3812833e-15            -NaN
       6900.0000   1.3120203e-15            -NaN
       6910.0000   1.6172709e-15            -NaN
       6920.0000   1.3440557e-15            -NaN
       6930.0000   1.8615990e-15            -NaN
       6940.0000   2.0288384e-15            -NaN
       6950.0000   2.5241345e-15            -NaN
       6960.0000   2.3856946e-15            -NaN
       6970.0000   2.4655567e-15            -NaN
       6980.0000   2.7313229e-15            -NaN
       6990.0000   2.7321118e-15            -NaN
       7000.0000   2.8538462e-15            -NaN
       7010.0000   3.1418892e-15            -NaN
       7020.0000   3.5195777e-15            -NaN
       7030.0000   3.9954884e-15            -NaN
       7040.0000   4.5138244e-15            -NaN
       7050.0000   4.8113138e-15            -NaN
       7060.0000   1.3876203e-15            -NaN
       7070.0000   1.7871200e-15            -NaN
       7080.0000   2.0781769e-15            -NaN
       7090.0000   1.0604507e-15            -NaN
       7100.0000   1.2301064e-15            -NaN
       7110.0000   1.6794091e-15            -NaN
       7120.0000   1.9635172e-15            -NaN
       7130.0000   9.4084241e-16            -NaN
       7140.0000   1.0469742e-15            -NaN
       7150.0000   1.2242992e-15            -NaN
       7160.0000   1.2293395e-15            -NaN
       7170.0000   1.4063820e-15            -NaN
       7180.0000   1.6043792e-15            -NaN
       7190.0000   1.9118851e-15            -NaN
       7200.0000   1.5625335e-15   3.4702813e-18
       7210.0000   1.7340282e-15   3.1474222e-18
       7220.0000   1.9984958e-15   3.3286675e-18
       7230.0000   2.2215914e-15   3.7790114e-18
       7240.0000   2.5411945e-15   1.9347121e-17
       7250.0000   3.1565936e-15   5.7188880e-18
       7260.0000   3.4076537e-15   4.1093085e-18
       7270.0000   3.4519600e-15            -NaN
       7280.0000   3.6319132e-15   9.9106271e-18
       7290.0000   4.2898630e-15   4.9323197e-18
       7300.0000   4.8424090e-15            -NaN
       7310.0000   5.5011146e-15   5.2199546e-18
       7320.0000   6.1248018e-15   8.2234833e-18
       7330.0000   6.3676375e-15            -NaN
       7340.0000   7.3662929e-15            -NaN
       7350.0000   7.0337292e-15            -NaN
       7360.0000   7.1842404e-15            -NaN
       7370.0000   7.9410709e-15            -NaN
       7380.0000   7.7215091e-15            -NaN
       7390.0000   8.3553580e-15            -NaN
       7400.0000   8.1143286e-15            -NaN
       7410.0000   7.9935649e-15            -NaN
       7420.0000   7.4242748e-15            -NaN
       7430.0000   8.1609231e-15            -NaN
       7440.0000   8.0494682e-15            -NaN
       7450.0000   7.7990797e-15            -NaN
       7460.0000   7.7905035e-15            -NaN
       7470.0000   8.4487612e-15            -NaN
       7480.0000   8.0649923e-15            -NaN
       7490.0000   8.4987995e-15            -NaN
       7500.0000   8.9996191e-15            -NaN
       7510.0000   9.2915409e-15            -NaN
       7520.0000   8.7161049e-15            -NaN
       7530.0000   9.2144537e-15            -NaN
       7540.0000   1.0123750e-14            -NaN
       7550.0000   9.9666324e-15            -NaN
       7560.0000   1.0271571e-14            -NaN
       7570.0000   9.9745458e-15            -NaN
       7580.0000   1.0682371e-14            -NaN
       7590.0000   5.5351401e-15            -NaN
       7600.0000   6.1362654e-15            -NaN
       7610.0000   6.6313430e-15            -NaN
       7620.0000   7.6573304e-15            -NaN
       7630.0000   4.1300837e-15            -NaN
       7640.0000   4.4689742e-15            -NaN
       7650.0000   4.0006113e-15            -NaN
       7660.0000   2.2132916e-15            -NaN
       7670.0000   1.9182704e-15            -NaN
       7680.0000   2.8950427e-15            -NaN
       7690.0000   3.0293119e-15            -NaN
       7700.0000   1.4464950e-15            -NaN
       7710.0000   3.2911829e-15            -NaN
       7720.0000   4.0387168e-15            -NaN
       7730.0000   4.9992650e-15            -NaN
       7740.0000   5.6711854e-15            -NaN
       7750.0000   3.9797131e-15            -NaN
       7760.0000   4.3890572e-15            -NaN
       7770.0000   4.9492787e-15            -NaN
       7780.0000   5.0964269e-15            -NaN
       7790.0000   4.8817944e-15            -NaN
       7800.0000   4.3261458e-15            -NaN
       7810.0000   6.1488013e-15            -NaN
       7820.0000   6.2530654e-15            -NaN
       7830.0000   4.9079704e-15            -NaN
       7840.0000   5.7229432e-15            -NaN
       7850.0000   6.1283673e-15            -NaN
       7860.0000   6.4021659e-15            -NaN
       7870.0000   6.1778289e-15            -NaN
       7880.0000   6.8895092e-15            -NaN
       7890.0000   7.5448185e-15            -NaN
       7900.0000   6.4814996e-15            -NaN
       7910.0000   5.8573616e-15            -NaN
       7920.0000   6.3909591e-15            -NaN
       7930.0000   7.3651947e-15            -NaN
       7940.0000   6.5814435e-15            -NaN
       7950.0000   6.8283495e-15            -NaN
       7960.0000   7.3536671e-15            -NaN
       7970.0000   8.6400801e-15            -NaN
       7980.0000   7.8516093e-15            -NaN
       7990.0000   7.7543664e-15            -NaN
       8000.0000   8.3691207e-15            -NaN
       8010.0000   9.1191065e-15            -NaN
       8020.0000   9.6389089e-15            -NaN
       8030.0000   1.0614372e-14            -NaN
       8040.0000   1.0691244e-14            -NaN
       8050.0000   1.1757906e-14            -NaN
       8060.0000   1.2706939e-14            -NaN
       8070.0000   1.2577060e-14            -NaN
       8080.0000   1.3705561e-14            -NaN
       8090.0000   1.4174654e-14            -NaN
       8100.0000   1.4139329e-14            -NaN
       8110.0000   1.5219444e-14            -NaN
       8120.0000   1.5872229e-14            -NaN
       8130.0000   1.6424321e-14            -NaN
       8140.0000   1.6908323e-14            -NaN
       8150.0000   1.6208584e-14            -NaN
       8160.0000   1.6110158e-14            -NaN
       8170.0000   1.7399208e-14            -NaN
       8180.0000   1.3135280e-14            -NaN
       8190.0000   1.3867066e-14            -NaN
       8200.0000   1.2978158e-14            -NaN
       8210.0000   1.4660493e-14            -NaN
       8220.0000   1.5399861e-14            -NaN
       8230.0000   1.6974960e-14            -NaN
       8240.0000   1.7186281e-14            -NaN
       8250.0000   1.6610775e-14            -NaN
       8260.0000   1.6948373e-14            -NaN
       8270.0000   1.5892997e-14            -NaN
       8280.0000   1.5994078e-14            -NaN
       8290.0000   1.4037273e-14            -NaN
       8300.0000   1.3933948e-14            -NaN
       8310.0000   1.4379935e-14            -NaN
       8320.0000   1.5490057e-14            -NaN
       8330.0000   1.5351121e-14            -NaN
       8340.0000   1.5181682e-14            -NaN
       8350.0000   1.4864989e-14            -NaN
       8360.0000   1.5265250e-14            -NaN
       8370.0000   1.6053267e-14            -NaN
       8380.0000   1.4765438e-14            -NaN
       8390.0000   1.3616293e-14            -NaN
       8400.0000   1.5299380e-14            -NaN
       8410.0000   1.5271827e-14            -NaN
       8420.0000   1.4303962e-14            -NaN
       8430.0000   1.5513967e-14            -NaN
       8440.0000   1.2371347e-14            -NaN
       8450.0000   1.0049924e-14            -NaN
       8460.0000   8.9563341e-15            -NaN
       8470.0000   8.4964937e-15            -NaN
       8480.0000   9.3532994e-15            -NaN
       8490.0000   1.0582723e-14            -NaN
       8500.0000   1.0106221e-14            -NaN
       8510.0000   9.8093931e-15            -NaN
       8520.0000   8.5941907e-15            -NaN
       8530.0000   1.0231930e-14            -NaN
       8540.0000   1.0707785e-14            -NaN
       8550.0000   1.2115856e-14            -NaN
       8560.0000   1.1059273e-14            -NaN
       8570.0000   1.1986341e-14            -NaN
       8580.0000   1.2405392e-14            -NaN
       8590.0000   1.2675405e-14            -NaN
       8600.0000   1.3074592e-14            -NaN
       8610.0000   1.3279354e-14            -NaN
       8620.0000   1.3103469e-14            -NaN
       8630.0000   1.2209520e-14            -NaN
       8640.0000   1.2774886e-14            -NaN
       8650.0000   1.3141618e-14            -NaN
       8660.0000   1.3078080e-14            -NaN
       8670.0000   1.3829281e-14            -NaN
       8680.0000   1.4420993e-14            -NaN
       8690.0000   1.2519553e-14            -NaN
       8700.0000   1.2524941e-14            -NaN
       8710.0000   1.2116836e-14            -NaN
       8720.0000   1.2644656e-14            -NaN
       8730.0000   1.4133679e-14            -NaN
       8740.0000   1.4021629e-14            -NaN
       8750.0000   1.4222861e-14            -NaN
       8760.0000   1.6754371e-14            -NaN
       8770.0000   1.6492163e-14            -NaN
       8780.0000   1.5347802e-14            -NaN
       8790.0000   1.7597387e-14            -NaN
       8800.0000   1.5838245e-14            -NaN
       8810.0000   1.7511676e-14            -NaN
       8820.0000   1.8659215e-14            -NaN
       8830.0000   1.8557156e-14            -NaN
       8840.0000   1.9846125e-14            -NaN
       8850.0000   1.8228352e-14            -NaN
       8860.0000   1.4093846e-14            -NaN
       8870.0000   1.2575262e-14            -NaN
       8880.0000   1.5695694e-14            -NaN
       8890.0000   1.5979754e-14            -NaN
       8900.0000   1.6155324e-14            -NaN
       8910.0000   1.5830438e-14            -NaN
       8920.0000   1.7742556e-14            -NaN
       8930.0000   1.7923439e-14            -NaN
       8940.0000   1.5563827e-14            -NaN
       8950.0000   1.6589713e-14            -NaN
       8960.0000   1.7366707e-14            -NaN
       8970.0000   1.7813774e-14            -NaN
       8980.0000   1.7967516e-14            -NaN
       8990.0000   1.8009437e-14            -NaN
       9000.0000   1.8056902e-14            -NaN
       9010.0000   1.9051238e-14            -NaN
       9020.0000   1.7812684e-14            -NaN
       9030.0000   1.8392866e-14            -NaN
       9040.0000   2.0533813e-14            -NaN
       9050.0000   2.0890357e-14            -NaN
       9060.0000   1.8913855e-14            -NaN
       9070.0000   1.9111497e-14            -NaN
       9080.0000   2.1383279e-14            -NaN
       9090.0000   2.0204753e-14            -NaN
       9100.0000   2.2100621e-14            -NaN
       9110.0000   2.2105839e-14            -NaN
       9120.0000   2.2691187e-14            -NaN
       9130.0000   2.2783168e-14            -NaN
       9140.0000   2.0857435e-14            -NaN
       9150.0000   2.1681458e-14            -NaN
       9160.0000   2.3522649e-14            -NaN
       9170.0000   2.3869013e-14            -NaN
       9180.0000   2.3806289e-14            -NaN
       9190.0000   2.5878481e-14            -NaN
       9200.0000   2.5127749e-14   1.9895429e-12
       9210.0000   2.5062013e-14   4.2924223e-13
       9220.0000   2.4902919e-14   1.3941210e-16
       9230.0000   2.4708414e-14   1.1163011e-16
       9240.0000   2.4513908e-14   8.3848127e-17
       9250.0000   2.4341435e-14   6.2302261e-17
       9260.0000   2.4255450e-14   6.5235944e-17
       9270.0000   2.4169464e-14   6.8169627e-17
       9280.0000   2.4083478e-14   7.1103310e-17
       9290.0000   2.4065627e-14   9.2047199e-17
       9300.0000   2.4082412e-14   1.2214608e-16
       9310.0000   2.4099197e-14   1.5224495e-16
       9320.0000   2.4128393e-14   1.7945708e-16
       9330.0000   2.4262314e-14   1.8231143e-16
       9340.0000   2.4396235e-14   1.8516577e-16
       9350.0000   2.4530156e-14   1.8802012e-16
       9360.0000   2.4682051e-14   1.8837173e-16
       9370.0000   2.4849761e-14   1.8652111e-16
       9380.0000   2.5017472e-14   1.8467049e-16
       9390.0000   2.5185182e-14   1.8281987e-16
       9400.0000   2.5384436e-14   2.3458102e-16
       9410.0000   2.5585667e-14   2.8970265e-16
       9420.0000   2.5786897e-14   3.4482428e-16
       9430.0000   2.6004785e-14   3.6139902e-16
       9440.0000   2.6256034e-14   3.0076695e-16
       9450.0000   2.6507284e-14   2.4013489e-16
       9460.0000   2.6758534e-14   1.7950282e-16
       9470.0000   2.6939417e-14   1.8364673e-16
       9480.0000   2.7091416e-14   2.1437913e-16
       9490.0000   2.7243415e-14   2.4511152e-16
       9500.0000   2.7392230e-14   2.7307613e-16
       9510.0000   2.7497443e-14   2.6314558e-16
       9520.0000   2.7602656e-14   2.5321503e-16
       9530.0000   2.7707869e-14   2.4328447e-16
       9540.0000   2.7787603e-14   2.3678044e-16
       9550.0000   2.7830976e-14   2.3516644e-16
       9560.0000   2.7874349e-14   2.3355244e-16
       9570.0000   2.7917722e-14   2.3193844e-16
       9580.0000   2.8012612e-14   2.1693041e-16
       9590.0000   2.8125699e-14   1.9719101e-16
       9600.0000   2.8238787e-14   1.7745161e-16
       9610.0000   2.8355258e-14   1.6009750e-16
       9620.0000   2.8536001e-14   1.8806383e-16
       9630.0000   2.8716744e-14   2.1603017e-16
       9640.0000   2.8897487e-14   2.4399651e-16
       9650.0000   2.9048361e-14   2.5968436e-16
       9660.0000   2.9142533e-14   2.5206289e-16
       9670.0000   2.9236705e-14   2.4444142e-16
       9680.0000   2.9330878e-14   2.3681996e-16
       9690.0000   2.9426011e-14   2.3829427e-16
       9700.0000   2.9521721e-14   2.4522606e-16
       9710.0000   2.9617431e-14   2.5215785e-16
       9720.0000   2.9713141e-14   2.5908963e-16
       9730.0000   2.9875938e-14   2.5546036e-16
       9740.0000   3.0047024e-14   2.5052630e-16
       9750.0000   3.0218109e-14   2.4559224e-16
       9760.0000   3.0378586e-14   2.3959186e-16
       9770.0000   3.0473329e-14   2.2698449e-16
       9780.0000   3.0568071e-14   2.1437711e-16
       9790.0000   3.0662814e-14   2.0176974e-16
       9800.0000   3.0682905e-14   1.8573824e-16
       9810.0000   3.0577479e-14   1.6394966e-16
       9820.0000   3.0472054e-14   1.4216108e-16
       9830.0000   3.0366628e-14   1.2037249e-16
       9840.0000   2.9954093e-14   1.2175095e-16
       9850.0000   2.9330749e-14   1.3903196e-16
       9860.0000   2.8707404e-14   1.5631296e-16
       9870.0000   2.8084060e-14   1.7359397e-16
       9880.0000   2.7624255e-14   1.7262872e-16
       9890.0000   2.7205835e-14   1.6704608e-16
       9900.0000   2.6787415e-14   1.6146345e-16
       9910.0000   2.6368995e-14   1.5588081e-16
       9920.0000   2.6070980e-14   1.4736163e-16
       9930.0000   2.5774429e-14   1.3880674e-16
       9940.0000   2.5477878e-14   1.3025186e-16
       9950.0000   2.5229650e-14   1.2685423e-16
       9960.0000   2.5227640e-14   1.4973402e-16
       9970.0000   2.5225631e-14   1.7261382e-16
       9980.0000   2.5223621e-14   1.9549361e-16
       9990.0000   2.5282421e-14   2.0880999e-16
       10000.000   2.5466957e-14   2.0235203e-16
       10010.000   2.5651494e-14   1.9589408e-16
       10020.000   2.5836030e-14   1.8943612e-16
       10030.000   2.6123811e-14   1.8643985e-16
       10040.000   2.6528007e-14   1.8734689e-16
       10050.000   2.6932203e-14   1.8825392e-16
       10060.000   2.7336399e-14   1.8916096e-16
       10070.000   2.7710918e-14   1.7161457e-16
       10080.000   2.8066467e-14   1.4227301e-16
       10090.000   2.8422016e-14   1.1293144e-16
       10100.000   2.8777565e-14   8.3589873e-17
       10110.000   2.9044522e-14   7.1541542e-17
       10120.000   2.9278709e-14   6.5889973e-17
       10130.000   2.9512895e-14   6.0238404e-17
       10140.000   2.9747082e-14   5.4586836e-17
       10150.000   2.9744735e-14   8.3956693e-17
       10160.000   2.9697315e-14   1.2000021e-16
       10170.000   2.9649895e-14   1.5604372e-16
       10180.000   2.9602475e-14   1.9208723e-16
       10190.000   2.9543060e-14   1.9638784e-16
       10200.000   2.9482741e-14   1.9829847e-16
       10210.000   2.9422423e-14   2.0020910e-16
       10220.000   2.9362434e-14   2.0204137e-16
       10230.000   2.9318691e-14   2.0001828e-16
       10240.000   2.9274949e-14   1.9799519e-16
       10250.000   2.9231206e-14   1.9597211e-16
       10260.000   2.9198094e-14   1.9424413e-16
       10270.000   2.9287276e-14   1.9591074e-16
       10280.000   2.9376457e-14   1.9757735e-16
       10290.000   2.9465639e-14   1.9924397e-16
       10300.000   2.9571219e-14   1.9887198e-16
       10310.000   2.9777578e-14   1.8597110e-16
       10320.000   2.9983938e-14   1.7307022e-16
       10330.000   3.0190297e-14   1.6016933e-16
       10340.000   3.0409856e-14   1.5594066e-16
       10350.000   3.0685708e-14   1.8869707e-16
       10360.000   3.0961560e-14   2.2145348e-16
       10370.000   3.1237412e-14   2.5420988e-16
       10380.000   3.1495780e-14   2.7009794e-16
       10390.000   3.1692128e-14   2.2615277e-16
       10400.000   3.1888477e-14   1.8220760e-16
       10410.000   3.2084826e-14   1.3826243e-16
       10420.000   3.2226731e-14   1.1420745e-16
       10430.000   3.2196267e-14   1.5312458e-16
       10440.000   3.2165803e-14   1.9204170e-16
       10450.000   3.2135339e-14   2.3095882e-16
       10460.000   3.2088960e-14   2.4707511e-16
       10470.000   3.1994837e-14   1.9478890e-16
       10480.000   3.1900713e-14   1.4250269e-16
       10490.000   3.1806590e-14   9.0216480e-17
       10500.000   3.1683767e-14   6.0057816e-17
       10510.000   3.1474846e-14   9.6281793e-17
       10520.000   3.1265926e-14   1.3250577e-16
       10530.000   3.1057005e-14   1.6872975e-16
       10540.000   3.0900766e-14   2.0229906e-16
       10550.000   3.0920821e-14   2.2698492e-16
       10560.000   3.0940877e-14   2.5167079e-16
       10570.000   3.0960932e-14   2.7635665e-16
       10580.000   3.0994181e-14   2.9247307e-16
       10590.000   3.1077075e-14   2.7634447e-16
       10600.000   3.1159969e-14   2.6021586e-16
       10610.000   3.1242863e-14   2.4408726e-16
       10620.000   3.1344873e-14   2.3345806e-16
       10630.000   3.1540265e-14   2.4969377e-16
       10640.000   3.1735657e-14   2.6592948e-16
       10650.000   3.1931049e-14   2.8216520e-16
       10660.000   3.2127928e-14   2.9244029e-16
       10670.000   3.2334762e-14   2.6281814e-16
       10680.000   3.2541597e-14   2.3319599e-16
       10690.000   3.2748431e-14   2.0357385e-16
       10700.000   3.2958164e-14   1.7824915e-16
       10710.000   3.3206391e-14   2.1000195e-16
       10720.000   3.3454617e-14   2.4175474e-16
       10730.000   3.3702844e-14   2.7350754e-16
       10740.000   3.3951071e-14   3.0526034e-16
       10750.000   3.4118710e-14   3.1433628e-16
       10760.000   3.4286349e-14   3.2341222e-16
       10770.000   3.4453988e-14   3.3248815e-16
       10780.000   3.4621627e-14   3.4156409e-16
       10790.000   3.4780778e-14   3.2284278e-16
       10800.000   3.4939291e-14   3.0202856e-16
       10810.000   3.5097803e-14   2.8121435e-16
       10820.000   3.5256315e-14   2.6040014e-16
       10830.000   3.5322734e-14   2.4383715e-16
       10840.000   3.5371615e-14   2.2808367e-16
       10850.000   3.5420497e-14   2.1233019e-16
       10860.000   3.5469379e-14   1.9657672e-16
       10870.000   3.5443369e-14   1.9365622e-16
       10880.000   3.5391052e-14   1.9524369e-16
       10890.000   3.5338735e-14   1.9683115e-16
       10900.000   3.5286417e-14   1.9841862e-16
       10910.000   3.5297889e-14   2.1344254e-16
       10920.000   3.5345251e-14   2.3602638e-16
       10930.000   3.5392613e-14   2.5861022e-16
       10940.000   3.5439975e-14   2.8119406e-16
       10950.000   3.5508852e-14   2.8271851e-16
       10960.000   3.5597594e-14   2.6479744e-16
       10970.000   3.5686336e-14   2.4687637e-16
       10980.000   3.5775078e-14   2.2895530e-16
       10990.000   3.5810448e-14   2.3024699e-16
       11000.000   3.5765760e-14   2.6035781e-16
       11010.000   3.5721072e-14   2.9046864e-16
       11020.000   3.5676385e-14   3.2057946e-16
       11030.000   3.5597418e-14   3.2949135e-16
       11040.000   3.5425735e-14   2.8106484e-16
       11050.000   3.5254053e-14   2.3263833e-16
       11060.000   3.5082370e-14   1.8421182e-16
       11070.000   3.4922492e-14   1.4056861e-16
       11080.000   3.4841622e-14   1.2894228e-16
       11090.000   3.4760753e-14   1.1731595e-16
       11100.000   3.4679884e-14   1.0568962e-16
       11110.000   3.4599015e-14   9.4063293e-17
       11120.000   3.4605469e-14   1.1652106e-16
       11130.000   3.4613699e-14   1.3967165e-16
       11140.000   3.4621928e-14   1.6282224e-16
       11150.000   3.4630158e-14   1.8597283e-16
       11160.000   3.4690711e-14   2.0243778e-16
       11170.000   3.4762749e-14   2.1743534e-16
       11180.000   3.4834787e-14   2.3243289e-16
       11190.000   3.4906824e-14   2.4743045e-16
       11200.000   3.5003433e-14   2.5190059e-16
       11210.000   3.5112696e-14   2.5094893e-16
       11220.000   3.5221959e-14   2.4999727e-16
       11230.000   3.5331222e-14   2.4904561e-16
       11240.000   3.5353092e-14   2.4680275e-16
       11250.000   3.5280279e-14   2.4316100e-16
       11260.000   3.5207467e-14   2.3951924e-16
       11270.000   3.5134654e-14   2.3587749e-16
       11280.000   3.4981000e-14   2.3916367e-16
       11290.000   3.4638716e-14   2.5861506e-16
       11300.000   3.4296433e-14   2.7806644e-16
       11310.000   3.3954149e-14   2.9751783e-16
       11320.000   3.3620985e-14   3.1087267e-16
       11330.000   3.3354747e-14   2.7948644e-16
       11340.000   3.3088508e-14   2.4810020e-16
       11350.000   3.2822270e-14   2.1671396e-16
       11360.000   3.2556032e-14   1.8532772e-16
       11370.000   3.2451804e-14   2.0031650e-16
       11380.000   3.2361659e-14   2.1933681e-16
       11390.000   3.2271515e-14   2.3835713e-16
       11400.000   3.2181371e-14   2.5737745e-16
       11410.000   3.2357528e-14   2.8412136e-16
       11420.000   3.2637236e-14   3.1386861e-16
       11430.000   3.2916944e-14   3.4361586e-16
       11440.000   3.3196652e-14   3.7336310e-16
       11450.000   3.3563442e-14   3.7252504e-16
       11460.000   3.4010607e-14   3.4345660e-16
       11470.000   3.4457772e-14   3.1438815e-16
       11480.000   3.4904938e-14   2.8531971e-16
       11490.000   3.5266978e-14   2.7327217e-16
       11500.000   3.5430394e-14   3.0094006e-16
       11510.000   3.5593811e-14   3.2860796e-16
       11520.000   3.5757227e-14   3.5627586e-16
       11530.000   3.5908105e-14   3.8129297e-16
       11540.000   3.5914767e-14   3.7581806e-16
       11550.000   3.5921429e-14   3.7034314e-16
       11560.000   3.5928090e-14   3.6486823e-16
       11570.000   3.5934752e-14   3.5939331e-16
       11580.000   3.5766949e-14   3.4099679e-16
       11590.000   3.5568358e-14   3.2031998e-16
       11600.000   3.5369767e-14   2.9964317e-16
       11610.000   3.5171176e-14   2.7896637e-16
       11620.000   3.4987834e-14   2.7431720e-16
       11630.000   3.4813842e-14   2.7949468e-16
       11640.000   3.4639850e-14   2.8467216e-16
       11650.000   3.4465857e-14   2.8984964e-16
       11660.000   3.4254220e-14   2.8199348e-16
       11670.000   3.3981181e-14   2.5287895e-16
       11680.000   3.3708143e-14   2.2376442e-16
       11690.000   3.3435104e-14   1.9464989e-16
       11700.000   3.3173799e-14   1.6984006e-16
       11710.000   3.2984547e-14   1.7146481e-16
       11720.000   3.2795295e-14   1.7308957e-16
       11730.000   3.2606043e-14   1.7471433e-16
       11740.000   3.2416791e-14   1.7633908e-16
       11750.000   3.2453699e-14   1.7326817e-16
       11760.000   3.2518576e-14   1.6961654e-16
       11770.000   3.2583453e-14   1.6596492e-16
       11780.000   3.2648330e-14   1.6231330e-16
       11790.000   3.2680357e-14   1.6388849e-16
       11800.000   3.2693908e-14   1.6840328e-16
       11810.000   3.2707460e-14   1.7291807e-16
       11820.000   3.2721011e-14   1.7743285e-16
       11830.000   3.2787678e-14   1.8436236e-16
       11840.000   3.2941012e-14   1.9523199e-16
       11850.000   3.3094347e-14   2.0610162e-16
       11860.000   3.3247682e-14   2.1697125e-16
       11870.000   3.3357945e-14   2.2600594e-16
       11880.000   3.3152405e-14   2.2158697e-16
       11890.000   3.2946865e-14   2.1716799e-16
       11900.000   3.2741325e-14   2.1274901e-16
       11910.000   3.2535785e-14   2.0833003e-16
       11920.000   3.2302865e-14   1.9088264e-16
       11930.000   3.2065115e-14   1.7113788e-16
       11940.000   3.1827366e-14   1.5139312e-16
       11950.000   3.1589617e-14   1.3164836e-16
       11960.000   3.1439734e-14   1.2595733e-16
       11970.000   3.1353482e-14   1.3044394e-16
       11980.000   3.1267231e-14   1.3493056e-16
       11990.000   3.1180979e-14   1.3941718e-16
