       3000.0000   6.3637922e-19       0.0000000
       3010.0000   6.6893793e-19       0.0000000
       3020.0000   7.0289144e-19       0.0000000
       3030.0000   7.3828668e-19       0.0000000
       3040.0000   7.7517161e-19       0.0000000
       3050.0000   8.1359530e-19       0.0000000
       3060.0000   8.5360787e-19       0.0000000
       3070.0000   8.9526054e-19       0.0000000
       3080.0000   9.3860563e-19       0.0000000
       3090.0000   9.8369655e-19       0.0000000
       3100.0000   1.0305878e-18       0.0000000
       3110.0000   1.0793350e-18       0.0000000
       3120.0000   1.1299949e-18       0.0000000
       3130.0000   1.1826254e-18       0.0000000
       3140.0000   1.2372854e-18       0.0000000
       3150.0000   1.2940350e-18       0.0000000
       3160.0000   1.3529355e-18       0.0000000
       3170.0000   1.4140492e-18       0.0000000
       3180.0000   1.4774396e-18       0.0000000
       3190.0000   1.5431712e-18       0.0000000
       3200.0000   1.6113099e-18       0.0000000
       3210.0000   1.6819226e-18       0.0000000
       3220.0000   1.7550771e-18       0.0000000
       3230.0000   1.8308428e-18       0.0000000
       3240.0000   1.9092897e-18       0.0000000
       3250.0000   1.9904894e-18       0.0000000
       3260.0000   2.0745144e-18       0.0000000
       3270.0000   2.1614382e-18       0.0000000
       3280.0000   2.2513357e-18       0.0000000
       3290.0000   2.3442828e-18       0.0000000
       3300.0000   2.4403563e-18       0.0000000
       3310.0000   2.5396344e-18       0.0000000
       3320.0000   2.6421964e-18       0.0000000
       3330.0000   2.7481224e-18       0.0000000
       3340.0000   2.8574938e-18       0.0000000
       3350.0000   2.9703931e-18       0.0000000
       3360.0000   3.0869039e-18       0.0000000
       3370.0000   3.2071106e-18       0.0000000
       3380.0000   3.3310989e-18       0.0000000
       3390.0000   3.4589556e-18       0.0000000
       3400.0000   3.5907683e-18       0.0000000
       3410.0000   3.7266258e-18       0.0000000
       3420.0000   3.8666178e-18       0.0000000
       3430.0000   4.0108352e-18       0.0000000
       3440.0000   4.1593696e-18       0.0000000
       3450.0000   4.3123140e-18       0.0000000
       3460.0000   4.4697618e-18       0.0000000
       3470.0000   4.6318079e-18       0.0000000
       3480.0000   4.7985479e-18       0.0000000
       3490.0000   4.9700783e-18       0.0000000
       3500.0000   5.1464965e-18       0.0000000
       3510.0000   5.3279010e-18       0.0000000
       3520.0000   5.5143910e-18       0.0000000
       3530.0000   5.7060666e-18       0.0000000
       3540.0000   5.9030287e-18       0.0000000
       3550.0000   6.1053793e-18       0.0000000
       3560.0000   6.3132209e-18       0.0000000
       3570.0000   6.5266570e-18       0.0000000
       3580.0000   6.7457918e-18       0.0000000
       3590.0000   6.9707303e-18       0.0000000
       3600.0000   7.2015782e-18       0.0000000
       3610.0000   7.4384421e-18       0.0000000
       3620.0000   7.6814292e-18       0.0000000
       3630.0000   7.9306472e-18       0.0000000
       3640.0000   8.1862049e-18       0.0000000
       3650.0000   8.4482113e-18       0.0000000
       3660.0000   8.7167764e-18       0.0000000
       3670.0000   8.9920107e-18       0.0000000
       3680.0000   9.2740251e-18       0.0000000
       3690.0000   9.5629314e-18       0.0000000
       3700.0000   9.8588417e-18       0.0000000
       3710.0000   1.0161869e-17       0.0000000
       3720.0000   1.0472126e-17       0.0000000
       3730.0000   1.0789726e-17       0.0000000
       3740.0000   1.1114785e-17       0.0000000
       3750.0000   1.1447416e-17       0.0000000
       3760.0000   1.1787734e-17       0.0000000
       3770.0000   1.2135855e-17       0.0000000
       3780.0000   1.2491895e-17       0.0000000
       3790.0000   1.2855970e-17       0.0000000
       3800.0000   1.3228196e-17       0.0000000
       3810.0000   1.3608691e-17       0.0000000
       3820.0000   1.3997570e-17       0.0000000
       3830.0000   1.4394952e-17       0.0000000
       3840.0000   1.4800954e-17       0.0000000
       3850.0000   1.5215693e-17       0.0000000
       3860.0000   1.5639289e-17       0.0000000
       3870.0000   1.6071858e-17       0.0000000
       3880.0000   1.6513519e-17       0.0000000
       3890.0000   1.6964390e-17       0.0000000
       3900.0000   1.7424590e-17       0.0000000
       3910.0000   1.7894237e-17       0.0000000
       3920.0000   1.8373449e-17       0.0000000
       3930.0000   1.8862346e-17       0.0000000
       3940.0000   1.9361046e-17       0.0000000
       3950.0000   1.9869666e-17       0.0000000
       3960.0000   2.0388326e-17       0.0000000
       3970.0000   2.0917144e-17       0.0000000
       3980.0000   2.1456238e-17       0.0000000
       3990.0000   2.2005725e-17       0.0000000
       4000.0000   2.2565725e-17       0.0000000
       4010.0000   2.3136354e-17       0.0000000
       4020.0000   2.3717730e-17       0.0000000
       4030.0000   2.4309970e-17       0.0000000
       4040.0000   2.4913192e-17       0.0000000
       4050.0000   2.5527512e-17       0.0000000
       4060.0000   2.6153045e-17       0.0000000
       4070.0000   2.6789910e-17       0.0000000
       4080.0000   2.7438220e-17       0.0000000
       4090.0000   2.8098092e-17       0.0000000
       4100.0000   2.8769640e-17       0.0000000
       4110.0000   2.9452978e-17       0.0000000
       4120.0000   3.0148222e-17       0.0000000
       4130.0000   3.0855483e-17       0.0000000
       4140.0000   3.1574876e-17       0.0000000
       4150.0000   3.2306513e-17       0.0000000
       4160.0000   3.3050505e-17       0.0000000
       4170.0000   3.3806964e-17       0.0000000
       4180.0000   3.4576002e-17       0.0000000
       4190.0000   3.5357727e-17       0.0000000
       4200.0000   3.6152250e-17       0.0000000
       4210.0000   3.6959680e-17       0.0000000
       4220.0000   3.7780124e-17       0.0000000
       4230.0000   3.8613691e-17       0.0000000
       4240.0000   3.9460486e-17       0.0000000
       4250.0000   4.0320617e-17       0.0000000
       4260.0000   4.1194187e-17       0.0000000
       4270.0000   4.2081303e-17       0.0000000
       4280.0000   4.2982066e-17       0.0000000
       4290.0000   4.3896581e-17       0.0000000
       4300.0000   4.4824949e-17       0.0000000
       4310.0000   4.5767271e-17       0.0000000
       4320.0000   4.6723648e-17       0.0000000
       4330.0000   4.7694178e-17       0.0000000
       4340.0000   4.8678961e-17       0.0000000
       4350.0000   4.9678093e-17       0.0000000
       4360.0000   5.0691672e-17       0.0000000
       4370.0000   5.1719792e-17       0.0000000
       4380.0000   5.2762547e-17       0.0000000
       4390.0000   5.3820033e-17       0.0000000
       4400.0000   5.4892340e-17       0.0000000
       4410.0000   5.5979561e-17       0.0000000
       4420.0000   5.7081785e-17       0.0000000
       4430.0000   5.8199103e-17       0.0000000
       4440.0000   5.9331601e-17       0.0000000
       4450.0000   6.0479367e-17       0.0000000
       4460.0000   6.1642487e-17       0.0000000
       4470.0000   6.2821046e-17       0.0000000
       4480.0000   6.4015127e-17       0.0000000
       4490.0000   6.5224813e-17       0.0000000
       4500.0000   6.6450184e-17       0.0000000
       4510.0000   6.7691321e-17       0.0000000
       4520.0000   6.8948302e-17       0.0000000
       4530.0000   7.0221206e-17       0.0000000
       4540.0000   7.1510108e-17       0.0000000
       4550.0000   7.2815083e-17       0.0000000
       4560.0000   7.4136206e-17       0.0000000
       4570.0000   7.5473548e-17       0.0000000
       4580.0000   7.6827180e-17       0.0000000
       4590.0000   7.8197174e-17       0.0000000
       4600.0000   7.9583596e-17       0.0000000
       4610.0000   8.0986515e-17       0.0000000
       4620.0000   8.2405997e-17       0.0000000
       4630.0000   8.3842105e-17       0.0000000
       4640.0000   8.5294903e-17       0.0000000
       4650.0000   8.6764453e-17       0.0000000
       4660.0000   8.8250816e-17       0.0000000
       4670.0000   8.9754049e-17       0.0000000
       4680.0000   9.1274212e-17       0.0000000
       4690.0000   9.2811360e-17       0.0000000
       4700.0000   9.4365548e-17       0.0000000
       4710.0000   9.5936830e-17       0.0000000
       4720.0000   9.7525257e-17       0.0000000
       4730.0000   9.9130880e-17       0.0000000
       4740.0000   1.0075375e-16       0.0000000
       4750.0000   1.0239391e-16       0.0000000
       4760.0000   1.0405141e-16       0.0000000
       4770.0000   1.0572630e-16       0.0000000
       4780.0000   1.0741861e-16       0.0000000
       4790.0000   1.0912839e-16       0.0000000
       4800.0000   1.1085568e-16       0.0000000
       4810.0000   1.1260052e-16       0.0000000
       4820.0000   1.1436294e-16       0.0000000
       4830.0000   1.1614299e-16       0.0000000
       4840.0000   1.1794069e-16       0.0000000
       4850.0000   1.1975608e-16       0.0000000
       4860.0000   1.2158920e-16       0.0000000
       4870.0000   1.2344006e-16       0.0000000
       4880.0000   1.2530870e-16       0.0000000
       4890.0000   1.2719515e-16       0.0000000
       4900.0000   1.2909943e-16       0.0000000
       4910.0000   1.3102157e-16       0.0000000
       4920.0000   1.3296159e-16       0.0000000
       4930.0000   1.3491950e-16       0.0000000
       4940.0000   1.3689533e-16       0.0000000
       4950.0000   1.3888910e-16       0.0000000
       4960.0000   1.4090083e-16       0.0000000
       4970.0000   1.4293052e-16       0.0000000
       4980.0000   1.4497819e-16       0.0000000
       4990.0000   1.4704386e-16       0.0000000
       5000.0000   1.4912753e-16       0.0000000
       5010.0000   1.5122922e-16       0.0000000
       5020.0000   1.5334892e-16       0.0000000
       5030.0000   1.5548665e-16       0.0000000
       5040.0000   1.5764242e-16       0.0000000
       5050.0000   1.5981622e-16       0.0000000
       5060.0000   1.6200805e-16       0.0000000
       5070.0000   1.6421792e-16       0.0000000
       5080.0000   1.6644582e-16       0.0000000
       5090.0000   1.6869176e-16       0.0000000
       5100.0000   1.7095572e-16       0.0000000
       5110.0000   1.7323770e-16       0.0000000
       5120.0000   1.7553770e-16       0.0000000
       5130.0000   1.7785571e-16       0.0000000
       5140.0000   1.8019171e-16       0.0000000
       5150.0000   1.8254569e-16       0.0000000
       5160.0000   1.8491764e-16       0.0000000
       5170.0000   1.8730755e-16       0.0000000
       5180.0000   1.8971540e-16       0.0000000
       5190.0000   1.9214117e-16       0.0000000
       5200.0000   1.9458484e-16       0.0000000
       5210.0000   1.9704640e-16       0.0000000
       5220.0000   1.9952582e-16       0.0000000
       5230.0000   2.0202307e-16       0.0000000
       5240.0000   2.0453814e-16       0.0000000
       5250.0000   2.0707100e-16       0.0000000
       5260.0000   2.0962162e-16       0.0000000
       5270.0000   2.1218998e-16       0.0000000
       5280.0000   2.1477603e-16       0.0000000
       5290.0000   2.1737976e-16       0.0000000
       5300.0000   2.2000112e-16       0.0000000
       5310.0000   2.2264009e-16       0.0000000
       5320.0000   2.2529663e-16       0.0000000
       5330.0000   2.2797070e-16       0.0000000
       5340.0000   2.3066226e-16       0.0000000
       5350.0000   2.3537563e-16   6.6241162e-18
       5360.0000   2.1640651e-16   6.0715427e-18
       5370.0000   2.0643206e-16   5.8978313e-18
       5380.0000   2.5851426e-16   6.0774782e-18
       5390.0000   2.6606798e-16   6.0513682e-18
       5400.0000   3.0476706e-16   5.9664114e-18
       5410.0000   2.7027652e-16            -NaN
       5420.0000   2.9450093e-16   6.2011360e-18
       5430.0000   2.7350849e-16   6.0548669e-18
       5440.0000   3.3525110e-16   6.3320629e-18
       5450.0000   1.2070062e-16   6.2716951e-18
       5460.0000   1.9341437e-16   1.5830454e-17
       5470.0000   1.4312333e-16   6.4155165e-18
       5480.0000   1.5422686e-16            -NaN
       5490.0000   1.6669806e-16   6.1737936e-18
       5500.0000   1.2213656e-16   6.3161402e-18
       5510.0000   7.5554504e-17   6.2846892e-18
       5520.0000   9.2807802e-17   6.6093688e-18
       5530.0000   8.1200431e-17   5.9645443e-18
       5540.0000   5.9925497e-17   6.3143362e-18
       5550.0000   7.8247087e-17   6.3424390e-18
       5560.0000   1.2314411e-16   6.1809758e-18
       5570.0000   1.4035640e-16   6.6686052e-18
       5580.0000   1.7305616e-16   1.9238602e-16
       5590.0000   1.8532262e-16   6.6897523e-18
       5600.0000   1.7635517e-16            -NaN
       5610.0000   1.9731920e-16            -NaN
       5620.0000   1.6574348e-16   6.2245466e-18
       5630.0000   1.4191775e-16   7.5817584e-18
       5640.0000   1.6593427e-16   6.4413811e-18
       5650.0000   1.9107274e-16   6.4132013e-18
       5660.0000   2.3130280e-16   6.5007518e-18
       5670.0000   1.7976143e-16            -NaN
       5680.0000   1.9521552e-16            -NaN
       5690.0000   1.8410668e-16   1.2267146e-17
       5700.0000   2.3104978e-16   8.3031210e-18
       5710.0000   2.7399984e-16   7.4047267e-18
       5720.0000   2.3154218e-16   7.1707068e-18
       5730.0000   2.3821900e-16   6.9746480e-18
       5740.0000   2.3098667e-16            -NaN
       5750.0000   2.5897835e-16   7.0606309e-18
       5760.0000   2.3717463e-16   7.5132454e-18
       5770.0000   2.1597202e-16   1.0723521e-17
       5780.0000   2.4041682e-16   7.6942991e-18
       5790.0000   2.6276620e-16   1.1213386e-17
       5800.0000   3.0369780e-16   8.3834529e-18
       5810.0000   2.5975257e-16   8.8776991e-18
       5820.0000   2.2444032e-16   9.3375027e-18
       5830.0000   2.4197563e-16   9.5120947e-18
       5840.0000   2.3192516e-16   9.8941665e-18
       5850.0000   1.6156289e-16   9.7835924e-18
       5860.0000   1.7761819e-16   9.6506117e-18
       5870.0000   1.4595619e-16   1.0583863e-17
       5880.0000   1.4227437e-16   8.4351079e-18
       5890.0000   3.3041884e-16   5.3690183e-17
       5900.0000   1.3700409e-16   9.6107789e-18
       5910.0000   1.3278217e-16   8.4868119e-18
       5920.0000   1.4630240e-16   8.7611428e-18
       5930.0000   1.4967260e-16   9.4952689e-18
       5940.0000   1.5148414e-16   8.6724931e-18
       5950.0000   1.5087141e-16   8.8176216e-18
       5960.0000   1.6209401e-16   8.5667466e-18
       5970.0000   1.7124159e-16   8.9442303e-18
       5980.0000   1.8669909e-16   8.4215166e-18
       5990.0000   1.8702835e-16   8.0164656e-18
       6000.0000   1.9717802e-16   7.9890543e-18
       6010.0000   1.9852375e-16   7.6481580e-18
       6020.0000   2.2068967e-16   7.3513696e-18
       6030.0000   2.0122422e-16   7.3866218e-18
       6040.0000   2.2635794e-16   7.1862429e-18
       6050.0000   2.3212034e-16   7.0936529e-18
       6060.0000   2.1825678e-16   6.9562904e-18
       6070.0000   2.5350334e-16   6.8116670e-18
       6080.0000   2.4335220e-16   6.5558133e-18
       6090.0000   2.4212275e-16   6.4592024e-18
       6100.0000   2.6413461e-16   6.5378905e-18
       6110.0000   2.4628594e-16   6.8778659e-18
       6120.0000   2.3344440e-16   7.2305439e-18
       6130.0000   2.1276282e-16   8.6536598e-18
       6140.0000   2.1122488e-16            -NaN
       6150.0000   1.8545654e-16            -NaN
       6160.0000   1.7729457e-16            -NaN
       6170.0000   1.4931902e-16            -NaN
       6180.0000   1.4256694e-16            -NaN
       6190.0000   1.3419993e-16            -NaN
       6200.0000   1.4030564e-16            -NaN
       6210.0000   1.4396635e-16            -NaN
       6220.0000   1.5421529e-16            -NaN
       6230.0000   1.4227723e-16            -NaN
       6240.0000   1.6748964e-16            -NaN
       6250.0000   1.3724148e-16            -NaN
       6260.0000   1.4230330e-16            -NaN
       6270.0000   1.7514046e-16            -NaN
       6280.0000   1.8336564e-16            -NaN
       6290.0000   2.1117481e-16            -NaN
       6300.0000   3.5126202e-16            -NaN
       6310.0000   2.4249087e-16            -NaN
       6320.0000   3.1345586e-16            -NaN
       6330.0000   3.0808446e-16            -NaN
       6340.0000   3.2989882e-16            -NaN
       6350.0000   3.5528074e-16            -NaN
       6360.0000   3.1352520e-16            -NaN
       6370.0000   3.4639419e-16            -NaN
       6380.0000   3.3538778e-16            -NaN
       6390.0000   3.1333866e-16            -NaN
       6400.0000   3.6367922e-16            -NaN
       6410.0000   3.6883393e-16            -NaN
       6420.0000   3.5098590e-16            -NaN
       6430.0000   3.5059507e-16            -NaN
       6440.0000   3.7546817e-16            -NaN
       6450.0000   3.6584982e-16            -NaN
       6460.0000   3.8920331e-16            -NaN
       6470.0000   4.3525221e-16            -NaN
       6480.0000   4.0492843e-16            -NaN
       6490.0000   4.1897168e-16            -NaN
       6500.0000   4.7845538e-16            -NaN
       6510.0000   5.8615919e-16            -NaN
       6520.0000   6.9535167e-16            -NaN
       6530.0000   7.6443048e-16            -NaN
       6540.0000   8.8798445e-16            -NaN
       6550.0000   6.7661582e-16            -NaN
       6560.0000   1.0594863e-15            -NaN
       6570.0000   6.0052181e-16            -NaN
       6580.0000   4.8600661e-16            -NaN
       6590.0000   5.9619145e-16            -NaN
       6600.0000   5.5219530e-16            -NaN
       6610.0000   5.7717230e-16            -NaN
       6620.0000   5.0880014e-16            -NaN
       6630.0000   4.9257803e-16            -NaN
       6640.0000   4.6606539e-16            -NaN
       6650.0000   4.2846964e-16            -NaN
       6660.0000   3.8762367e-16            -NaN
       6670.0000   4.6779277e-16            -NaN
       6680.0000   4.2076914e-16            -NaN
       6690.0000   3.8959260e-16            -NaN
       6700.0000   4.2451387e-16            -NaN
       6710.0000   4.7057512e-16            -NaN
       6720.0000   3.5075395e-16            -NaN
       6730.0000   3.9603013e-16            -NaN
       6740.0000   4.4386373e-16            -NaN
       6750.0000   3.8811814e-16            -NaN
       6760.0000   4.4766614e-16            -NaN
       6770.0000   5.1601811e-16            -NaN
       6780.0000   4.8693256e-16            -NaN
       6790.0000   4.3938305e-16            -NaN
       6800.0000   4.7004959e-16            -NaN
       6810.0000   5.0559036e-16            -NaN
       6820.0000   5.0562773e-16            -NaN
       6830.0000   5.6970863e-16            -NaN
       6840.0000   5.7041701e-16            -NaN
       6850.0000   5.1110897e-16            -NaN
       6860.0000   4.9935083e-16            -NaN
       6870.0000   5.4938651e-16            -NaN
       6880.0000   5.9726914e-16            -NaN
       6890.0000   6.2097097e-16            -NaN
       6900.0000   5.8151491e-16            -NaN
       6910.0000   6.9504873e-16            -NaN
       6920.0000   5.6935151e-16            -NaN
       6930.0000   7.7538917e-16            -NaN
       6940.0000   8.3973303e-16            -NaN
       6950.0000   1.0263225e-15            -NaN
       6960.0000   9.8403989e-16            -NaN
       6970.0000   1.0272924e-15            -NaN
       6980.0000   1.1320300e-15            -NaN
       6990.0000   1.1082013e-15            -NaN
       7000.0000   1.1440726e-15            -NaN
       7010.0000   1.2735597e-15            -NaN
       7020.0000   1.3765889e-15            -NaN
       7030.0000   1.5540046e-15            -NaN
       7040.0000   1.6756206e-15            -NaN
       7050.0000   1.8205781e-15            -NaN
       7060.0000   5.7946066e-16            -NaN
       7070.0000   7.3545634e-16            -NaN
       7080.0000   8.1188530e-16            -NaN
       7090.0000   4.7123246e-16            -NaN
       7100.0000   5.3942540e-16            -NaN
       7110.0000   6.9786602e-16            -NaN
       7120.0000   7.8732789e-16            -NaN
       7130.0000   4.8989404e-16            -NaN
       7140.0000   4.9138581e-16            -NaN
       7150.0000   5.5124886e-16            -NaN
       7160.0000   5.5651608e-16            -NaN
       7170.0000   6.1771700e-16            -NaN
       7180.0000   7.0283337e-16            -NaN
       7190.0000   8.0489726e-16            -NaN
       7200.0000   6.8799891e-16            -NaN
       7210.0000   7.5800309e-16            -NaN
       7220.0000   8.3490945e-16            -NaN
       7230.0000   9.2107675e-16            -NaN
       7240.0000   1.0431413e-15            -NaN
       7250.0000   1.2773136e-15            -NaN
       7260.0000   1.3953190e-15            -NaN
       7270.0000   1.3759099e-15            -NaN
       7280.0000   1.4947757e-15            -NaN
       7290.0000   1.7513917e-15            -NaN
       7300.0000   1.9932765e-15            -NaN
       7310.0000   2.2442227e-15            -NaN
       7320.0000   2.5367807e-15            -NaN
       7330.0000   2.6296362e-15            -NaN
       7340.0000   3.1320574e-15            -NaN
       7350.0000   2.8702751e-15            -NaN
       7360.0000   2.9118170e-15            -NaN
       7370.0000   3.2946210e-15            -NaN
       7380.0000   3.1525736e-15            -NaN
       7390.0000   3.4204369e-15            -NaN
       7400.0000   3.2784042e-15            -NaN
       7410.0000   3.1613582e-15            -NaN
       7420.0000   2.8724172e-15            -NaN
       7430.0000   3.2351031e-15            -NaN
       7440.0000   3.0910373e-15            -NaN
       7450.0000   3.0308266e-15            -NaN
       7460.0000   3.0140414e-15            -NaN
       7470.0000   3.2938646e-15            -NaN
       7480.0000   3.1779889e-15            -NaN
       7490.0000   3.3742874e-15            -NaN
       7500.0000   3.5393543e-15            -NaN
       7510.0000   3.6816910e-15            -NaN
       7520.0000   3.4446193e-15            -NaN
       7530.0000   3.7078189e-15            -NaN
       7540.0000   4.0584116e-15            -NaN
       7550.0000   3.9846166e-15            -NaN
       7560.0000   4.1723838e-15            -NaN
       7570.0000   4.0293387e-15            -NaN
       7580.0000   4.2833520e-15            -NaN
       7590.0000   2.0893122e-15            -NaN
       7600.0000   2.3808272e-15            -NaN
       7610.0000   2.5792972e-15            -NaN
       7620.0000   2.8923486e-15            -NaN
       7630.0000   1.6297778e-15            -NaN
       7640.0000   1.7329111e-15            -NaN
       7650.0000   1.5297581e-15            -NaN
       7660.0000   9.3017434e-16            -NaN
       7670.0000   8.5835183e-16            -NaN
       7680.0000   1.1910194e-15            -NaN
       7690.0000   1.2456756e-15            -NaN
       7700.0000   6.9005663e-16            -NaN
       7710.0000   1.3628457e-15   1.0670057e-17
       7720.0000   1.6484307e-15   9.4478650e-18
       7730.0000   2.0022501e-15   4.1089514e-18
       7740.0000   2.2733505e-15   4.0047545e-18
       7750.0000   1.6340556e-15   3.0803214e-17
       7760.0000   1.8170050e-15   1.1286719e-17
       7770.0000   2.0280308e-15   4.5004863e-18
       7780.0000   2.1134678e-15   8.1902766e-18
       7790.0000   2.0227868e-15   6.7836842e-18
       7800.0000   1.7247822e-15   3.8502144e-18
       7810.0000   2.5391304e-15   9.2684975e-18
       7820.0000   2.6044859e-15   2.4538038e-17
       7830.0000   2.0442632e-15   4.2040710e-18
       7840.0000   2.3928311e-15            -NaN
       7850.0000   2.5201396e-15            -NaN
       7860.0000   2.6515974e-15            -NaN
       7870.0000   2.5033358e-15            -NaN
       7880.0000   2.7991123e-15            -NaN
       7890.0000   3.0890098e-15            -NaN
       7900.0000   2.4835906e-15            -NaN
       7910.0000   2.3290121e-15            -NaN
       7920.0000   2.4548992e-15            -NaN
       7930.0000   2.9002511e-15            -NaN
       7940.0000   2.4800570e-15            -NaN
       7950.0000   2.6519398e-15            -NaN
       7960.0000   2.7854248e-15            -NaN
       7970.0000   3.4071703e-15            -NaN
       7980.0000   2.9954665e-15            -NaN
       7990.0000   2.9489109e-15            -NaN
       8000.0000   3.1934209e-15            -NaN
       8010.0000   3.5377583e-15            -NaN
       8020.0000   3.8379767e-15            -NaN
       8030.0000   4.2659744e-15            -NaN
       8040.0000   4.3255797e-15            -NaN
       8050.0000   4.8626994e-15            -NaN
       8060.0000   5.3470442e-15            -NaN
       8070.0000   5.3322413e-15            -NaN
       8080.0000   5.8945312e-15            -NaN
       8090.0000   6.1671266e-15            -NaN
       8100.0000   6.1977232e-15            -NaN
       8110.0000   6.7614990e-15            -NaN
       8120.0000   7.1692654e-15            -NaN
       8130.0000   7.4411272e-15            -NaN
       8140.0000   7.7280258e-15            -NaN
       8150.0000   7.4548368e-15            -NaN
       8160.0000   7.4680950e-15            -NaN
       8170.0000   8.2150829e-15            -NaN
       8180.0000   6.1826990e-15            -NaN
       8190.0000   6.6654918e-15            -NaN
       8200.0000   6.0597786e-15            -NaN
       8210.0000   6.6703975e-15            -NaN
       8220.0000   7.0778584e-15            -NaN
       8230.0000   7.9523273e-15            -NaN
       8240.0000   8.0701826e-15            -NaN
       8250.0000   7.6751202e-15            -NaN
       8260.0000   7.8685171e-15            -NaN
       8270.0000   7.3033030e-15            -NaN
       8280.0000   7.3667363e-15            -NaN
       8290.0000   6.2470595e-15            -NaN
       8300.0000   6.1825932e-15            -NaN
       8310.0000   6.4100750e-15            -NaN
       8320.0000   7.0437450e-15            -NaN
       8330.0000   7.0441194e-15            -NaN
       8340.0000   6.8720962e-15            -NaN
       8350.0000   6.6986563e-15            -NaN
       8360.0000   6.9693919e-15            -NaN
       8370.0000   7.3666005e-15            -NaN
       8380.0000   6.8340003e-15            -NaN
       8390.0000   6.1755815e-15            -NaN
       8400.0000   7.0725762e-15            -NaN
       8410.0000   7.0444611e-15            -NaN
       8420.0000   6.4971233e-15            -NaN
       8430.0000   7.0796498e-15            -NaN
       8440.0000   5.4384670e-15            -NaN
       8450.0000   4.2492533e-15            -NaN
       8460.0000   3.7368104e-15            -NaN
       8470.0000   3.5874515e-15            -NaN
       8480.0000   3.9584303e-15            -NaN
       8490.0000   4.5849100e-15            -NaN
       8500.0000   4.3473811e-15            -NaN
       8510.0000   4.2103180e-15            -NaN
       8520.0000   3.5789365e-15            -NaN
       8530.0000   4.3924915e-15            -NaN
       8540.0000   4.6817846e-15            -NaN
       8550.0000   5.3577603e-15            -NaN
       8560.0000   4.8535261e-15            -NaN
       8570.0000   5.2655683e-15            -NaN
       8580.0000   5.4330236e-15            -NaN
       8590.0000   5.5875813e-15            -NaN
       8600.0000   5.7734057e-15            -NaN
       8610.0000   5.8631874e-15            -NaN
       8620.0000   5.7787396e-15            -NaN
       8630.0000   5.2151080e-15            -NaN
       8640.0000   5.5308274e-15            -NaN
       8650.0000   5.7067986e-15            -NaN
       8660.0000   5.8750034e-15            -NaN
       8670.0000   6.0358187e-15            -NaN
       8680.0000   6.3924036e-15            -NaN
       8690.0000   5.6043864e-15            -NaN
       8700.0000   5.5010437e-15            -NaN
       8710.0000   5.2621613e-15            -NaN
       8720.0000   5.5379348e-15            -NaN
       8730.0000   6.3101138e-15            -NaN
       8740.0000   6.2690201e-15            -NaN
       8750.0000   6.4069333e-15            -NaN
       8760.0000   7.5959767e-15   5.7533387e-17
       8770.0000   7.5861339e-15   5.0178550e-17
       8780.0000   7.0417674e-15   5.8328627e-17
       8790.0000   8.1154936e-15   3.3672184e-17
       8800.0000   7.2875716e-15   1.3241901e-17
       8810.0000   8.2504279e-15            -NaN
       8820.0000   8.7971234e-15            -NaN
       8830.0000   8.9439048e-15            -NaN
       8840.0000   9.6364933e-15            -NaN
       8850.0000   8.7547624e-15            -NaN
       8860.0000   6.4296552e-15            -NaN
       8870.0000   5.6484407e-15            -NaN
       8880.0000   7.2372389e-15            -NaN
       8890.0000   7.4680740e-15            -NaN
       8900.0000   7.5830781e-15            -NaN
       8910.0000   7.3928910e-15            -NaN
       8920.0000   8.5679039e-15            -NaN
       8930.0000   8.6467428e-15            -NaN
       8940.0000   7.2957756e-15            -NaN
       8950.0000   7.7263582e-15            -NaN
       8960.0000   8.3503117e-15            -NaN
       8970.0000   8.5419825e-15   1.7774603e-17
       8980.0000   8.5543901e-15            -NaN
       8990.0000   8.7716053e-15            -NaN
       9000.0000   8.7141339e-15            -NaN
       9010.0000   9.3771395e-15            -NaN
       9020.0000   8.5781324e-15            -NaN
       9030.0000   8.9629345e-15            -NaN
       9040.0000   1.0092583e-14            -NaN
       9050.0000   1.0261533e-14            -NaN
       9060.0000   9.2254475e-15            -NaN
       9070.0000   9.2232586e-15            -NaN
       9080.0000   1.0456671e-14            -NaN
       9090.0000   9.9815104e-15            -NaN
       9100.0000   1.0972065e-14            -NaN
       9110.0000   1.1027549e-14   3.0008614e-16
       9120.0000   1.1432984e-14   6.9020382e-16
       9130.0000   1.1327645e-14   1.3242840e-15
       9140.0000   1.0306289e-14   2.2611817e-15
       9150.0000   1.0770510e-14   3.5601351e-15
       9160.0000   1.1852677e-14   5.2797276e-15
       9170.0000   1.2104630e-14   7.4795757e-15
       9180.0000   1.2022284e-14   1.0218767e-14
       9190.0000   1.3396160e-14   1.3557761e-14
       9200.0000   1.2886140e-14   1.7190386e-14
       9210.0000   1.2930112e-14   8.9361687e-17
       9220.0000   1.2855307e-14   8.5168822e-17
       9230.0000   1.2780501e-14   8.0975956e-17
       9240.0000   1.2705696e-14   7.6783091e-17
       9250.0000   1.2612958e-14   7.4947986e-17
       9260.0000   1.2509417e-14   7.4533441e-17
       9270.0000   1.2405876e-14   7.4118896e-17
       9280.0000   1.2311932e-14   7.7172735e-17
       9290.0000   1.2320067e-14   1.1711757e-16
       9300.0000   1.2328202e-14   1.5706240e-16
       9310.0000   1.2336337e-14   1.9700723e-16
       9320.0000   1.2359223e-14   1.9668803e-16
       9330.0000   1.2395141e-14   1.6079992e-16
       9340.0000   1.2431058e-14   1.2491181e-16
       9350.0000   1.2466976e-14   8.9023703e-17
       9360.0000   1.2524062e-14   7.5968050e-17
       9370.0000   1.2582054e-14   6.3888937e-17
       9380.0000   1.2640046e-14   5.1809825e-17
       9390.0000   1.2735090e-14   5.0840171e-17
       9400.0000   1.2893219e-14   6.8785038e-17
       9410.0000   1.3051347e-14   8.6729904e-17
       9420.0000   1.3209475e-14   1.0467477e-16
       9430.0000   1.3429296e-14   1.2224585e-16
       9440.0000   1.3668177e-14   1.3970145e-16
       9450.0000   1.3907058e-14   1.5715704e-16
       9460.0000   1.4139880e-14   1.6872085e-16
       9470.0000   1.4336086e-14   1.4468272e-16
       9480.0000   1.4532292e-14   1.2064459e-16
       9490.0000   1.4728498e-14   9.6606454e-17
       9500.0000   1.4805296e-14   7.7426998e-17
       9510.0000   1.4764122e-14   6.3047736e-17
       9520.0000   1.4722949e-14   4.8668474e-17
       9530.0000   1.4681775e-14   3.4289213e-17
       9540.0000   1.4696369e-14   3.3086156e-17
       9550.0000   1.4720879e-14   3.4226141e-17
       9560.0000   1.4745389e-14   3.5366127e-17
       9570.0000   1.4763514e-14   3.8131605e-17
       9580.0000   1.4752157e-14   4.8402169e-17
       9590.0000   1.4740800e-14   5.8672733e-17
       9600.0000   1.4729443e-14   6.8943296e-17
       9610.0000   1.4757579e-14   7.2458594e-17
       9620.0000   1.4826653e-14   6.8971417e-17
       9630.0000   1.4895728e-14   6.5484239e-17
       9640.0000   1.4964802e-14   6.1997062e-17
       9650.0000   1.5055911e-14   5.3986820e-17
       9660.0000   1.5152949e-14   4.4759628e-17
       9670.0000   1.5249986e-14   3.5532436e-17
       9680.0000   1.5346826e-14   2.7491491e-17
       9690.0000   1.5441039e-14   3.5205966e-17
       9700.0000   1.5535251e-14   4.2920441e-17
       9710.0000   1.5629463e-14   5.0634915e-17
       9720.0000   1.5732978e-14   5.7734502e-17
       9730.0000   1.5854874e-14   6.3619142e-17
       9740.0000   1.5976769e-14   6.9503783e-17
       9750.0000   1.6098664e-14   7.5388424e-17
       9760.0000   1.6181293e-14   6.8169963e-17
       9770.0000   1.6236296e-14   5.1732900e-17
       9780.0000   1.6291299e-14   3.5295837e-17
       9790.0000   1.6346302e-14   1.8858774e-17
       9800.0000   1.6390026e-14   1.5919597e-17
       9810.0000   1.6431325e-14   1.5882434e-17
       9820.0000   1.6472625e-14   1.5845271e-17
       9830.0000   1.6500230e-14   1.7233881e-17
       9840.0000   1.6230597e-14   4.9569039e-17
       9850.0000   1.5960965e-14   8.1904197e-17
       9860.0000   1.5691333e-14   1.1423936e-16
       9870.0000   1.5424331e-14   1.3836642e-16
       9880.0000   1.5165177e-14   1.3799697e-16
       9890.0000   1.4906022e-14   1.3762751e-16
       9900.0000   1.4646868e-14   1.3725806e-16
       9910.0000   1.4420002e-14   1.3102774e-16
       9920.0000   1.4233738e-14   1.1742740e-16
       9930.0000   1.4047474e-14   1.0382707e-16
       9940.0000   1.3861210e-14   9.0226731e-17
       9950.0000   1.3777724e-14   7.4304994e-17
       9960.0000   1.3756965e-14   5.6966471e-17
       9970.0000   1.3736206e-14   3.9627947e-17
       9980.0000   1.3715447e-14   2.2289423e-17
       9990.0000   1.3782141e-14   2.1557762e-17
       10000.000   1.3872791e-14   2.5375531e-17
       10010.000   1.3963442e-14   2.9193299e-17
       10020.000   1.4054093e-14   3.3011067e-17
       10030.000   1.4214162e-14   3.7067879e-17
       10040.000   1.4379451e-14   4.1142662e-17
       10050.000   1.4544739e-14   4.5217445e-17
       10060.000   1.4711209e-14   4.9047492e-17
       10070.000   1.4893384e-14   4.9627038e-17
       10080.000   1.5075559e-14   5.0206583e-17
       10090.000   1.5257734e-14   5.0786129e-17
       10100.000   1.5436915e-14   5.1220678e-17
       10110.000   1.5603340e-14   5.1037245e-17
       10120.000   1.5769765e-14   5.0853811e-17
       10130.000   1.5936190e-14   5.0670378e-17
       10140.000   1.6072942e-14   5.6762705e-17
       10150.000   1.6140458e-14   7.7498475e-17
       10160.000   1.6207973e-14   9.8234244e-17
       10170.000   1.6275489e-14   1.1897001e-16
       10180.000   1.6300502e-14   1.3059847e-16
       10190.000   1.6261738e-14   1.2856041e-16
       10200.000   1.6222973e-14   1.2652235e-16
       10210.000   1.6184209e-14   1.2448429e-16
       10220.000   1.6159423e-14   1.1311894e-16
       10230.000   1.6149780e-14   9.1648218e-17
       10240.000   1.6140138e-14   7.0177501e-17
       10250.000   1.6130496e-14   4.8706784e-17
       10260.000   1.6135553e-14   3.9555098e-17
       10270.000   1.6152636e-14   4.0482619e-17
       10280.000   1.6169720e-14   4.1410141e-17
       10290.000   1.6186803e-14   4.2337663e-17
       10300.000   1.6287246e-14   4.0722200e-17
       10310.000   1.6440970e-14   3.7481295e-17
       10320.000   1.6594695e-14   3.4240391e-17
       10330.000   1.6748420e-14   3.0999486e-17
       10340.000   1.6916020e-14   3.2593480e-17
       10350.000   1.7090766e-14   3.6677528e-17
       10360.000   1.7265513e-14   4.0761576e-17
       10370.000   1.7440259e-14   4.4845625e-17
       10380.000   1.7607040e-14   4.4566853e-17
       10390.000   1.7770242e-14   4.2328331e-17
       10400.000   1.7933444e-14   4.0089810e-17
       10410.000   1.8096646e-14   3.7851288e-17
       10420.000   1.8142164e-14   3.3426616e-17
       10430.000   1.8139605e-14   2.8108839e-17
       10440.000   1.8137047e-14   2.2791063e-17
       10450.000   1.8134488e-14   1.7473286e-17
       10460.000   1.8061256e-14   2.1236280e-17
       10470.000   1.7960544e-14   2.8530344e-17
       10480.000   1.7859832e-14   3.5824407e-17
       10490.000   1.7759120e-14   4.3118471e-17
       10500.000   1.7592727e-14   5.3336012e-17
       10510.000   1.7400783e-14   6.4690902e-17
       10520.000   1.7208838e-14   7.6045791e-17
       10530.000   1.7016893e-14   8.7400681e-17
       10540.000   1.6898211e-14   8.1544662e-17
       10550.000   1.6809458e-14   6.8657502e-17
       10560.000   1.6720705e-14   5.5770342e-17
       10570.000   1.6631952e-14   4.2883182e-17
       10580.000   1.6642419e-14   4.0873636e-17
       10590.000   1.6697454e-14   4.3750242e-17
       10600.000   1.6752488e-14   4.6626848e-17
       10610.000   1.6807523e-14   4.9503453e-17
       10620.000   1.6942646e-14   6.0327280e-17
       10630.000   1.7120894e-14   7.5430380e-17
       10640.000   1.7299141e-14   9.0533480e-17
       10650.000   1.7477388e-14   1.0563658e-16
       10660.000   1.7667830e-14   1.0439077e-16
       10670.000   1.7866068e-14   9.2690663e-17
       10680.000   1.8064307e-14   8.0990555e-17
       10690.000   1.8262545e-14   6.9290448e-17
       10700.000   1.8441208e-14   6.5746173e-17
       10710.000   1.8603854e-14   6.8874852e-17
       10720.000   1.8766500e-14   7.2003531e-17
       10730.000   1.8929145e-14   7.5132210e-17
       10740.000   1.9102301e-14   7.2028393e-17
       10750.000   1.9286398e-14   6.2436172e-17
       10760.000   1.9470494e-14   5.2843950e-17
       10770.000   1.9654591e-14   4.3251728e-17
       10780.000   1.9834973e-14   4.2483849e-17
       10790.000   2.0010010e-14   5.4411337e-17
       10800.000   2.0185048e-14   6.6338826e-17
       10810.000   2.0360085e-14   7.8266314e-17
       10820.000   2.0564028e-14   8.4200169e-17
       10830.000   2.0826660e-14   7.7964057e-17
       10840.000   2.1089293e-14   7.1727945e-17
       10850.000   2.1351926e-14   6.5491833e-17
       10860.000   2.1575862e-14   6.0118925e-17
       10870.000   2.1670237e-14   5.7636196e-17
       10880.000   2.1764612e-14   5.5153467e-17
       10890.000   2.1858987e-14   5.2670738e-17
       10900.000   2.1943315e-14   4.9307428e-17
       10910.000   2.1960395e-14   4.0049982e-17
       10920.000   2.1977475e-14   3.0792536e-17
       10930.000   2.1994554e-14   2.1535089e-17
       10940.000   2.2010833e-14   1.2409451e-17
       10950.000   2.1948296e-14   1.6256039e-17
       10960.000   2.1885760e-14   2.0102628e-17
       10970.000   2.1823224e-14   2.3949216e-17
       10980.000   2.1760687e-14   2.7795805e-17
       10990.000   2.1763009e-14   4.8720214e-17
       11000.000   2.1773344e-14   7.1754523e-17
       11010.000   2.1783679e-14   9.4788832e-17
       11020.000   2.1794014e-14   1.1782314e-16
       11030.000   2.1725540e-14   1.0581008e-16
       11040.000   2.1632186e-14   8.2732981e-17
       11050.000   2.1538833e-14   5.9655883e-17
       11060.000   2.1445479e-14   3.6578785e-17
       11070.000   2.1381865e-14   4.2838163e-17
       11080.000   2.1336476e-14   6.7076472e-17
       11090.000   2.1291087e-14   9.1314781e-17
       11100.000   2.1245698e-14   1.1555309e-16
       11110.000   2.1243768e-14   1.3278479e-16
       11120.000   2.1290842e-14   1.4211605e-16
       11130.000   2.1337915e-14   1.5144731e-16
       11140.000   2.1384988e-14   1.6077856e-16
       11150.000   2.1433074e-14   1.6971660e-16
       11160.000   2.1483316e-14   1.7781876e-16
       11170.000   2.1533557e-14   1.8592091e-16
       11180.000   2.1583798e-14   1.9402306e-16
       11190.000   2.1628256e-14   1.9468304e-16
       11200.000   2.1639943e-14   1.5317067e-16
       11210.000   2.1651629e-14   1.1165831e-16
       11220.000   2.1663316e-14   7.0145941e-17
       11230.000   2.1675003e-14   2.8633575e-17
       11240.000   2.1693716e-14   3.1917367e-17
       11250.000   2.1712573e-14   3.6116277e-17
       11260.000   2.1731430e-14   4.0315188e-17
       11270.000   2.1750287e-14   4.4514098e-17
       11280.000   2.1544620e-14   4.8553888e-17
       11290.000   2.1282822e-14   5.2553899e-17
       11300.000   2.1021023e-14   5.6553909e-17
       11310.000   2.0759225e-14   6.0553919e-17
       11320.000   2.0510288e-14   6.0771242e-17
       11330.000   2.0269232e-14   5.8670335e-17
       11340.000   2.0028177e-14   5.6569429e-17
       11350.000   1.9787121e-14   5.4468523e-17
       11360.000   1.9635168e-14   5.1789490e-17
       11370.000   1.9606249e-14   4.8312154e-17
       11380.000   1.9577331e-14   4.4834819e-17
       11390.000   1.9548413e-14   4.1357484e-17
       11400.000   1.9559909e-14   4.8038638e-17
       11410.000   1.9714756e-14   9.0752658e-17
       11420.000   1.9869604e-14   1.3346668e-16
       11430.000   2.0024451e-14   1.7618070e-16
       11440.000   2.0182836e-14   2.1802148e-16
       11450.000   2.0514363e-14   2.1711602e-16
       11460.000   2.0845891e-14   2.1621057e-16
       11470.000   2.1177419e-14   2.1530512e-16
       11480.000   2.1508947e-14   2.1439966e-16
       11490.000   2.1738298e-14   1.9681329e-16
       11500.000   2.1942106e-14   1.7505669e-16
       11510.000   2.2145914e-14   1.5330008e-16
       11520.000   2.2349722e-14   1.3154348e-16
       11530.000   2.2443373e-14   1.3306875e-16
       11540.000   2.2457249e-14   1.5145465e-16
       11550.000   2.2471126e-14   1.6984056e-16
       11560.000   2.2485002e-14   1.8822646e-16
       11570.000   2.2475606e-14   1.8586671e-16
       11580.000   2.2424827e-14   1.4661955e-16
       11590.000   2.2374048e-14   1.0737238e-16
       11600.000   2.2323270e-14   6.8125220e-17
       11610.000   2.2252185e-14   3.3763592e-17
       11620.000   2.2045298e-14   3.2074902e-17
       11630.000   2.1838411e-14   3.0386212e-17
       11640.000   2.1631524e-14   2.8697522e-17
       11650.000   2.1424637e-14   2.7008832e-17
       11660.000   2.1275069e-14   3.3307439e-17
       11670.000   2.1132581e-14   4.0592846e-17
       11680.000   2.0990094e-14   4.7878253e-17
       11690.000   2.0847607e-14   5.5163660e-17
       11700.000   2.0667637e-14   5.8180969e-17
       11710.000   2.0467484e-14   5.8900072e-17
       11720.000   2.0267331e-14   5.9619174e-17
       11730.000   2.0067178e-14   6.0338277e-17
       11740.000   1.9959219e-14   5.5296855e-17
       11750.000   1.9989549e-14   4.1614648e-17
       11760.000   2.0019879e-14   2.7932441e-17
       11770.000   2.0050210e-14   1.4250234e-17
       11780.000   2.0073845e-14   3.4081122e-18
       11790.000   2.0059544e-14   8.6598028e-18
       11800.000   2.0045243e-14   1.3911494e-17
       11810.000   2.0030942e-14   1.9163184e-17
       11820.000   2.0016641e-14   2.4414875e-17
       11830.000   2.0059267e-14   3.6678599e-17
       11840.000   2.0108925e-14   4.9808632e-17
       11850.000   2.0158584e-14   6.2938666e-17
       11860.000   2.0208243e-14   7.6068700e-17
       11870.000   2.0220380e-14   7.5735801e-17
       11880.000   2.0210478e-14   6.7495437e-17
       11890.000   2.0200577e-14   5.9255074e-17
       11900.000   2.0190675e-14   5.1014710e-17
       11910.000   2.0102852e-14   4.5965439e-17
       11920.000   1.9876536e-14   4.6587779e-17
       11930.000   1.9650219e-14   4.7210119e-17
       11940.000   1.9423903e-14   4.7832458e-17
       11950.000   1.9212642e-14   4.8129115e-17
       11960.000   1.9153724e-14   4.5130402e-17
       11970.000   1.9094805e-14   4.2131690e-17
       11980.000   1.9035886e-14   3.9132977e-17
       11990.000   1.8976967e-14   3.6134264e-17
