Source
49520255665123328
49729231594420096
51383893515451392
145373377272257664
145391484855481344
145325548516513280
145484629809228544
145293181643038336
145293181643038208
3313778207594395392
3313751441358252160
3313842529024545664
3313947704182762240
3313759000500605056
3313978112552491136
3393284752392701312
147022541634235392
147118233505518976
147182172683187712
144512287869179136
144377799556207488
144338187075686016
3238530414929634304
3411274308810562688
68001499939741440
67696694700442624
3292227607891547264
3292367795624174720
3292367795624174592
64552022725337856
3273807936268126464
3306443434245315200
3306634646189021440
3306588707218380288
3306483944376792832
3306592418070112384
148867315986268672
148792171240741120
148946068508277888
149005270337201792
57083830512424448
53942250914697472
53825771402706304
49005581144118784
49124190961270656
48977371798954368
3293856362569126400
3287450745264292864
3287587771900733440
144833998098820992
3283285795218796800
3283238344419794304
3283324415564687104
65103668325506560
3413223227530503168
3413146914550583680
47319961098840192
47019347749289216
47345490384536576
47247938791363200
47109438983082496
47345009348203392
47068207297219584
3293176074109393152
3393305093357807744
3391006113328069632
3407257105639932032
3407395193133161728
66286704180780672
66482352830035840
3290872562889409024
3282728853923029376
3294522907134516864
3282171749421655168
3406246551373367168
3406246551373367296
3405909374965722368
3404798597640071296
3404812685132622592
3404850790082434176
3405952363294872960
3405988677241799040
3406094750050845696
3311148828615843328
3311492803955469696
3311179340063437952
3311514210073309056
3311173120950799872
3311179340062227200
3311464182294287104
3311426420941869952
3311229745799686912
3311232425859274368
3311120722349948672
3406734906335151872
3406697179343851136
3406786445943961088
146160558879786624
146057617101593856
149956519694104704
3289131211348832000
3395542393360089728
3395542393361639424
145664777917536512
145727729254950912
145674574739951872
145668974102570624
48455894049191424
48482454126911360
48509186003340416
45788547559850496
45980377978968064
45968901826385024
45770783575075968
45789269114357632
45845378567048320
3410640887035452928
3410639993682264960
145168558871003776
145218857232329472
3292741835736351616
3292663564251652608
144574788234755200
144574788234755584
144663157183364864
144534724778235392
3412163946860515712
3412131068887787776
44894472808190720
3310348551653256448
3310478710637938560
3310478710637066752
3310178784482082816
3310131711641618816
3411434528270795648
49231668222673920
49157794785448192
49341619383660288
49365087086285184
49341619384983936
49131681384221952
49131681384221184
49324572659092992
49407521363733632
3242232470578902656
3242022670016700672
3241952369992171904
3387573300585597184
3387381646261643776
147877549363243520
147908438767993216
67351757289092224
63395989328447232
53257461329357312
3282562625805170304
3282226793722500224
3406431406767566464
3406417903390509056
3406284725043872256
3406380176397016576
52548241968465408
52640154268714496
49968306654050944
3295377880503113216
3295557581935254144
3312882483575093760
3312960205303089664
3312709379213017728
3312904233289409152
3312951748510907648
3312849326426255616
3312908906213736320
3312842042162993536
3312744219987686144
3312921378798754304
47485609397541632
47620265212420096
47541100375011968
45567511362945152
45679386670867584
45367056650753280
45404199528067200
45506454107945344
3412374060957023232
3412331901556818048
3412367287795107712
3395180718459278464
3395264423077925632
3314150048683152896
3314024566918614528
3314063908819076352
3314232855652895104
3314079508140198528
3314212068010812032
3314137846679343872
3314213025787054592
3314109916508904064
3281410509417809152
3281064262038614912
153453550785049984
3411856775094435968
3411781729134007424
3411758128287351808
3411811317161811328
3409356726172456960
3409207536188836352
3409290995993067648
3409379060002199168
3391904178104504704
57406365376348928
3287167277423046272
3287041726938931968
3407113241415669120
3407121831350730112
3413082661841179520
3288997483247358592
3288876846205650816
3288784006192725248
3299573475139651584
3294081521934473216
3294248609046258048
65502206932420224
50327297200978176
50298125783225088
50248991357476736
50427387118457984
50327361624037120
3410787568757738752
3410944730200538496
3410856112139584000
3230836376154368384
3308433069254919424
3308470968047333120
3308470968047333248
3308428877366857728
3308501926171656832
3391170490315215104
51497418090942720
51534045572176896
3306849703791332864
3306922958753764992
3307131900322333312
3306722607119077120
3306856541379219456
3303530209469039616
3303984513928122752
3407518510233429248
3309420014084185600
3405865089559635968
3309336867813205760
3309513270709857920
3309419984020071552
3309611539560293632
36629890579758592
119219294181874048
154422804645274368
3306247446297683072
3305860933600191872
3305871825637254912
3305860933598991104
3305881652522411520
3306016372760404992
149476479789791488
149313099234711680
149543000243089024
149327461604162688
3295883999449691264
3295878703753707136
3296045077903829888
147232651433766528
147258180719392512
3412605297699792512
169163647804297216
3411031385460853248
3411128795318922496
3338650225766660992
3285426613077584384
147469115153030528
147710938992084096
48203487411427456
48190739948429184
48061409893621248
46975436002187136
3310615565476268032
3311038666998173184
3310903740601986432
3310702770492165120
3310814886318365568
3310820624394671488
3311000119668435200
3310640648085373824
3310569798304869888
3311024789960504576
3310634944368705664
3310857011357831936
3311102820926310784
3409827214070099840
3409867964719693824
3409968703177094656
3409875592581586944
3409855590918757760
3409959567782077184
3409855590918086400
3284773915487855488
3239389683266590208
3392546632197477248
3392628893706422272
3392664627834274688
3419656057748048512
3406823245223942528
3406943091991364608
3309956850635519488
3309978501567767808
3309918646903563264
3309974344039455488
3308269757418376576
3308127405023027328
3308403897837092992
146989143968434688
56447041481918720
56447037184877824
3299441950357981696
3300934223858467072
46458115782368384
218783542413339648
3313541056680391296
3313665885609887744
3313665885609887616
3313689422030650496
3313714023603261568
3313630082762446208
3313606340183243136
3313579505227558528
3313662896312488192
3313653894061044224
71487329756936320
3305524242524308352
3277579398589199616
3288018093264886016
163804078373452288
3392446821452424192
3392423078873226112
3392323607430380416
3392438678194466560
3392422013721349632
3391410909700425600
3313207698500079360
3313173957237081984
3313285110990793472
3313070293905997824
3313259169388356608
3392122637320609536
3402351561497574016
3394444084324433792
45293526808851200
45142206521351552
45198178534988672
3405220088550711808
3405338148611960448
3338847893045082880
3410505784542875008
3410466133406341504
3410390468964390400
3410529355323453312
3410453484725565312
3410439745127430016
145916050683920128
145919658456448128
145830533592284288
145784835140102016
3312602348628348032
3312440445540818304
3312406429399957760
3312644885984344704
3312348872541805184
3312520946111619072
3312613000147191808
3312381071912436864
3312628358950130176
3312564037520033792
3312575685471393664
44388010264995200
3413860050920329344
3413860050922284672
3307198077178624128
3307489031146701696
3307528033746225664
3307504222447587584
3307516660672931584
3307355272981718272
3307342353720064384
3307371215900262784
69023083679564672
39305036729495936
47881811540636800
47803952373768960
47729215646206080
47804394753757056
47813500084423296
48000730595736960
47715063730746880
47917816253918720
47760521664503296
47917511308704128
47751828650825856
47965443143743488
47982794811614080
3307650109600736000
3307843524864280192
3307645131734449408
3307992336891315968
3307717596422556928
3307782570688378496
3307844864893938304
66556672943906432
3289809060267929856
3289865341519273088
168422783123428352
3295209414705918080
3300725905060807936
3414200143611145216
3414200139316713600
50756415973201152
3314597408180024960
3314581984953794816
3291734202048545792
3300059394856687488
3300315443626615040
43538293935879680
43615122310787840
43789772861265792
3405082374719674240
3405127244241184256
3405113740864365440
3277175602945236608
3277175602945236352
3409550652537334656
3409480318150949248
3277270538903180160
3409548556593300480
3408463510414294784
3408317000489415296
3408504261063819520
148183866430358016
148184656704340352
3397032128539658368
70298895126196864
164216120356193664
3291151392166490496
3304412601908736512
3304478125929665152
3304337251002413952
3304096595394580608
3311906770084019712
3311804515502788352
3311934086075988864
3311785239689504512
3311883817778820480
3291495436226226688
3291312951656888320
3388751431591386240
3408679804966891264
151319978535712896
151379150300399360
151312419393052032
151374477375986176
3227869206588911616
146687018788948224
146677879098433152
146740207663868032
146727391481452544
146717014840345216
146712303261194624
146592838746224384
146698078328904064
168774798644094592
44052178182130816
3391728565481255040
3391658329880811776
3391712038447198080
3388509470313327104
150982364040857472
3408234502757515648
3289363105224130944
3301997524618877568
53725750202606208
144171233106399104
3302846072717868416
3410154456217987584
3410118477275889024
3410076150374417408
42716408993806080
38354680725946240
38329666836450304
40470720915966208
3312025001943976064
3312052249216467328
3312281634829711488
3312281669189449472
3312197934506930944
3312025586058376704
3312136499294830848
38670343642226816
38929141191925760
51902691204229888
51995909173956352
3314294771901304192
3314393590508675456
3419526585958441216
3393094021484216192
3308808002721345280
3308851433430549632
3309006602007842048
3308957845537774976
3308896238528440448
